.	0	2	11	25	37	
.	0	665	4789923	14044092	341993401	
.	1	2	11	25	37	
.	1	649	4957451	15250066	341993401	
.	2	11	25	37	
.	2	4589137	14524310	341993401	
.	3	11	25	37	
.	3	4836093	15175844	341993401	
.	4	11	25	37	
.	4	4614357	15024438	341993401	
.	5	11	25	37	
.	5	4457816	14833453	341993401	
.	6	11	25	37	
.	6	4770370	15568858	341993401	
.	7	11	25	37	
.	7	4855056	15929506	341993401	
.	8	2	11	25	37	
.	8	619	4857866	16097127	341993401	
.	9	2	11	25	37	
.	9	1740	4777977	15905217	341993401	
.	10	11	25	37	
.	10	4731305	15873400	341993401	
.	11	11	25	37	
.	11	4716235	15907444	341993401	
.	12	11	25	37	
.	12	4798185	16152879	341993401	
.	13	11	25	37	
.	13	4767085	16109073	341993401	
.	14	11	25	37	
.	14	4831647	16271904	341993401	
.	15	11	25	37	
.	15	4829092	16252597	341993401	
.	16	11	25	37	
.	16	4909965	16488726	341993401	
.	17	11	25	37	
.	17	5014254	16749401	341993401	
.	18	2	11	25	37	
.	18	9111	5074297	16859369	341993401	
.	19	11	25	37	
.	19	5132725	17008727	341993401	
.	20	11	25	37	
.	20	5719480	17547003	341993401	
.	21	11	25	37	
.	21	5813066	17744712	341993401	
.	22	11	25	37	
.	22	5894693	17919145	341993401	
.	23	2	11	25	37	
.	23	4750	5941195	18003984	341993401	
.	24	11	25	37	
.	24	5966225	18027986	341993401	
.	25	11	25	37	
.	25	5997769	18103946	341993401	
.	26	2	11	25	37	
.	26	1157	6013592	18141811	341993401	
.	27	11	25	37	
.	27	6037587	18171369	341993401	
.	28	11	25	37	
.	28	6077691	18238881	341993401	
.	29	11	25	37	
.	29	6123446	18336752	341993401	
.	30	11	25	37	
.	30	6156780	18409884	341993401	
.	31	2	11	25	37	
.	31	14	6171841	18436782	341993401	
.	32	11	25	37	
.	32	6205632	18510454	341993401	
.	33	2	11	25	37	
.	33	741	6237351	18557893	341993401	
.	34	2	11	25	37	
.	34	3	6294952	18686327	341993401	
.	35	2	11	25	37	
.	35	28	6292546	18657051	341993401	
.	36	2	11	25	37	
.	36	3	6345138	18767161	341993401	
.	37	11	25	37	
.	37	6383492	18864637	341993401	
.	38	11	25	37	
.	38	6408985	18892798	341993401	
.	39	11	25	37	
.	39	6420398	18901583	341993401	
.	40	11	25	37	
.	40	6474890	19032781	341993401	
.	41	2	11	25	37	
.	41	320	6540885	19168027	341993401	
.	42	2	11	25	37	
.	42	1370	6532385	19143395	341993401	
.	43	2	11	25	37	
.	43	1732	6566598	19216214	341993401	
.	44	2	11	25	37	
.	44	483	6602266	19283615	341993401	
.	45	2	11	25	37	
.	45	72	6659266	19395549	341993401	
.	46	11	25	37	
.	46	6706429	19491887	341993401	
.	47	11	25	37	
.	47	6773089	19620926	341993401	
.	48	11	25	37	
.	48	6819108	19657779	341993401	
.	49	11	25	37	
.	49	6860059	19721233	341993401	
.	50	11	25	37	
.	50	6850945	19767517	341993401	
.	51	11	25	37	
.	51	6876054	19793673	341993401	
.	52	11	25	37	
.	52	6952845	19920808	341993401	
.	53	11	25	37	
.	53	6921240	19895825	341993401	
.	54	11	25	37	
.	54	7005409	20097763	341993401	
.	55	11	25	37	
.	55	7075137	20220379	341993401	
.	56	11	25	37	
.	56	7107628	20283733	341993401	
.	57	11	25	37	
.	57	7132772	20363686	341993401	
.	58	2	11	25	37	
.	58	13	7184598	20473149	341993401	
.	59	11	25	37	
.	59	7172368	20371014	341993401	
.	60	11	25	37	
.	60	7209084	20454390	341993401	
.	61	11	25	37	
.	61	7285549	20648830	341993401	
.	62	11	25	37	
.	62	7329686	20734270	341993401	
.	63	11	25	37	
.	63	7381559	20836946	341993401	
.	64	11	25	37	
.	64	7515814	21166208	341993401	
.	65	11	25	37	
.	65	7499387	21088968	341993401	
.	66	11	25	37	
.	66	7492162	21032583	341993401	
.	67	11	25	37	
.	67	7457367	20983267	341993401	
.	68	11	25	37	
.	68	7490977	21085206	341993401	
.	69	11	25	37	
.	69	7568012	21233757	341993401	
.	70	11	25	37	
.	70	7683836	21475026	341993401	
.	71	11	25	37	
.	71	7725901	21591997	341993401	
.	72	11	25	37	
.	72	7761315	21666852	341993401	
.	73	11	25	37	
.	73	7816514	21786853	341993401	
.	74	11	25	37	
.	74	7818888	21801181	341993401	
.	75	11	25	37	
.	75	7713618	21605953	341993401	
.	76	11	25	37	
.	76	7756468	21747812	341993401	
.	77	11	25	37	
.	77	7840359	21911974	341993401	
.	78	11	25	37	
.	78	7860453	21965103	341993401	
.	79	11	25	37	
.	79	7986428	22238600	341993401	
.	80	11	25	37	
.	80	8053786	22394033	341993401	
.	81	11	25	37	
.	81	8148582	22586158	341993401	
.	82	11	25	37	
.	82	8134646	22538530	341993401	
.	83	11	25	37	
.	83	8151545	22556175	341993401	
.	84	11	25	37	
.	84	8212157	22684280	341993401	
.	85	11	25	37	
.	85	8166360	22550082	341993401	
.	86	11	25	37	
.	86	8232852	22708789	341993401	
.	87	11	25	37	
.	87	8406938	23109371	341993401	
.	88	11	25	37	
.	88	8390248	23086192	341993401	
.	89	11	25	37	
.	89	8388860	23070820	341993401	
.	90	11	25	37	
.	90	8599439	23518093	341993401	
.	91	11	25	37	
.	91	8536177	23372035	341993401	
.	92	11	25	37	
.	92	8569842	23431704	341993401	
.	93	11	25	37	
.	93	8832315	23999049	341993401	
.	94	11	25	37	
.	94	8827261	23969137	341993401	
.	95	11	25	37	
.	95	8703845	23667632	341993401	
.	96	11	25	37	
.	96	8716292	23667075	341993401	
.	97	11	25	37	
.	97	8837041	23920042	341993401	
.	98	11	25	37	
.	98	8987764	24251396	341993401	
.	99	11	25	37	
.	99	8952787	24148300	341993401	
.	100	11	25	37	
.	100	8975374	24160123	341993401	
.	101	11	25	37	
.	101	9094405	24405400	341993401	
.	102	11	25	37	
.	102	9097090	24425490	341993401	
.	103	11	25	37	
.	103	9116754	24407808	341993401	
.	104	11	25	37	
.	104	9109555	24380305	341993401	
.	105	11	25	37	
.	105	9306019	24810715	341993401	
.	106	2	11	25	37	
.	106	271	9248254	24641562	341993401	
.	107	2	11	25	37	
.	107	459	9244272	24595120	341993401	
.	108	11	25	37	
.	108	9252135	24582520	341993401	
.	109	11	25	37	
.	109	9335235	24718305	341993401	
.	110	11	25	37	
.	110	9437713	24932379	341993401	
.	111	11	25	37	
.	111	9526898	25103950	341993401	
.	112	11	25	37	
.	112	9421125	24821770	341993401	
.	113	11	25	37	
.	113	9301247	24532251	341993401	
.	114	11	25	37	
.	114	9467724	24872365	341993401	
.	115	11	25	37	
.	115	9688628	25365591	341993401	
.	116	11	25	37	
.	116	9698050	25308885	341993401	
.	117	11	25	37	
.	117	9570161	24994466	341993401	
.	118	11	25	37	
.	118	9573960	24972801	341993401	
.	119	11	25	37	
.	119	9632398	25062536	341993401	
.	120	11	25	37	
.	120	9658344	25097784	341993401	
.	121	11	25	37	
.	121	9692567	25129700	341993401	
.	122	11	25	37	
.	122	9922924	25662989	341993401	
.	123	11	25	37	
.	123	9912871	25616161	341993401	
.	124	11	25	37	
.	124	9817176	25363427	341993401	
.	125	11	25	37	
.	125	9887028	25498616	341993401	
.	126	11	25	37	
.	126	9752700	25134333	341993401	
.	127	11	25	37	
.	127	9872860	25422319	341993401	
.	128	11	25	37	
.	128	10125683	25993238	341993401	
.	129	11	25	37	
.	129	10161605	26047812	341993401	
.	130	11	25	37	
.	130	10024038	25681513	341993401	
.	131	11	25	37	
.	131	10155715	26019534	341993401	
.	132	11	25	37	
.	132	10227061	26159177	341993401	
.	133	11	25	37	
.	133	10266446	26238569	341993401	
.	134	11	25	37	
.	134	10455813	26706745	341993401	
.	135	11	25	37	
.	135	10565075	26952339	341993401	
.	136	11	25	37	
.	136	10595002	26973129	341993401	
.	137	11	25	37	
.	137	10758778	27351032	341993401	
.	138	11	25	37	
.	138	10674892	27129021	341993401	
.	139	11	25	37	
.	139	10419956	26549852	341993401	
.	140	11	25	37	
.	140	10581376	26923900	341993401	
.	141	11	25	37	
.	141	10685714	27159191	341993401	
.	142	11	25	37	
.	142	10907963	27647080	341993401	
.	143	11	25	37	
.	143	11079635	28046489	341993401	
.	144	11	25	37	
.	144	10993455	27847403	341993401	
.	145	11	25	37	
.	145	13395091	34447418	341993401	
A	0	11	25	37	
A	0	569887	2367274	107526293	
A	1	11	25	37	
A	1	681357	2877125	100762675	
A	2	11	25	37	
A	2	659568	2825743	94716083	
A	3	11	25	37	
A	3	707204	2998669	91470905	
A	4	11	25	37	
A	4	798970	3411939	94138402	
A	5	11	25	37	
A	5	817529	3539821	94904471	
A	6	11	25	37	
A	6	813853	3534611	93266083	
A	7	11	25	37	
A	7	814625	3584042	91985554	
A	8	11	25	37	
A	8	860660	3796601	93727357	
A	9	11	25	37	
A	9	862053	3764804	93129110	
A	10	11	25	37	
A	10	882427	3856647	93632292	
A	11	11	25	37	
A	11	902039	3926861	94307707	
A	12	11	25	37	
A	12	923801	4010565	94428776	
A	13	11	25	37	
A	13	917110	3994580	94249991	
A	14	11	25	37	
A	14	922319	4014689	94051354	
A	15	11	25	37	
A	15	930151	4021681	94014324	
A	16	11	25	37	
A	16	951655	4098141	94359587	
A	17	11	25	37	
A	17	963884	4125388	94203468	
A	18	11	25	37	
A	18	971511	4135350	94512826	
A	19	11	25	37	
A	19	976900	4132800	94026926	
A	20	11	25	37	
A	20	1100575	4224098	93456628	
A	21	11	25	37	
A	21	1118381	4260329	93085187	
A	22	11	25	37	
A	22	1135452	4303564	93054550	
A	23	11	25	37	
A	23	1147914	4326864	93161016	
A	24	11	25	37	
A	24	1157619	4346113	93192441	
A	25	11	25	37	
A	25	1166881	4362342	93143640	
A	26	11	25	37	
A	26	1175461	4389911	93244282	
A	27	11	25	37	
A	27	1183023	4396843	93088760	
A	28	11	25	37	
A	28	1186171	4387799	92839881	
A	29	11	25	37	
A	29	1196888	4419572	92968961	
A	30	11	25	37	
A	30	1208580	4459156	93040159	
A	31	11	25	37	
A	31	1210490	4460400	93174090	
A	32	11	25	37	
A	32	1220832	4487222	93115128	
A	33	11	25	37	
A	33	1230968	4502605	92971427	
A	34	11	25	37	
A	34	1249101	4546397	92981609	
A	35	11	25	37	
A	35	1252324	4545800	93078675	
A	36	11	25	37	
A	36	1264225	4573531	93000467	
A	37	11	25	37	
A	37	1277323	4600989	92960436	
A	38	11	25	37	
A	38	1281601	4612971	93155580	
A	39	11	25	37	
A	39	1286605	4615797	93093002	
A	40	11	25	37	
A	40	1307146	4662245	92938979	
A	41	11	25	37	
A	41	1319209	4688887	92871209	
A	42	11	25	37	
A	42	1322660	4695721	92876633	
A	43	11	25	37	
A	43	1328967	4708915	92745521	
A	44	11	25	37	
A	44	1340136	4728875	92669039	
A	45	11	25	37	
A	45	1358422	4777868	92654387	
A	46	11	25	37	
A	46	1371175	4797508	92632778	
A	47	11	25	37	
A	47	1380216	4818376	92606949	
A	48	11	25	37	
A	48	1383348	4808001	92667524	
A	49	11	25	37	
A	49	1387077	4802436	92622841	
A	50	11	25	37	
A	50	1404532	4863505	92639109	
A	51	11	25	37	
A	51	1418296	4879218	92635538	
A	52	11	25	37	
A	52	1434829	4897958	92500934	
A	53	11	25	37	
A	53	1444743	4935144	92422382	
A	54	11	25	37	
A	54	1452465	4980423	92542349	
A	55	11	25	37	
A	55	1460129	4990263	92531963	
A	56	11	25	37	
A	56	1478565	5038862	92533968	
A	57	11	25	37	
A	57	1503759	5102654	92592809	
A	58	11	25	37	
A	58	1515244	5132121	92560324	
A	59	11	25	37	
A	59	1500108	5068903	92615693	
A	60	11	25	37	
A	60	1512538	5105250	92606611	
A	61	11	25	37	
A	61	1541252	5183923	92536694	
A	62	11	25	37	
A	62	1551447	5210068	92509762	
A	63	11	25	37	
A	63	1580519	5268331	92628982	
A	64	11	25	37	
A	64	1622571	5377496	92593055	
A	65	11	25	37	
A	65	1623771	5351203	92528430	
A	66	11	25	37	
A	66	1615599	5330198	92401171	
A	67	11	25	37	
A	67	1620622	5335240	92433911	
A	68	11	25	37	
A	68	1647098	5400663	92538835	
A	69	11	25	37	
A	69	1696928	5499549	92650887	
A	70	11	25	37	
A	70	1753973	5625628	92793644	
A	71	11	25	37	
A	71	1774900	5683608	92915626	
A	72	11	25	37	
A	72	1794564	5732903	92827106	
A	73	11	25	37	
A	73	1791995	5743887	92655517	
A	74	11	25	37	
A	74	1768111	5719705	92533339	
A	75	11	25	37	
A	75	1738098	5649191	92525259	
A	76	11	25	37	
A	76	1754176	5694205	92494361	
A	77	11	25	37	
A	77	1784597	5756676	92531289	
A	78	11	25	37	
A	78	1800538	5805702	92680263	
A	79	11	25	37	
A	79	1838963	5899805	92765117	
A	80	11	25	37	
A	80	1866816	5970046	92801826	
A	81	11	25	37	
A	81	1892965	6026088	92804230	
A	82	11	25	37	
A	82	1884938	5993269	92481301	
A	83	11	25	37	
A	83	1888397	5993837	92511584	
A	84	11	25	37	
A	84	1913581	6052873	92691397	
A	85	11	25	37	
A	85	1896467	5995352	92656320	
A	86	11	25	37	
A	86	1925809	6058767	92521416	
A	87	11	25	37	
A	87	1975539	6190292	92511688	
A	88	11	25	37	
A	88	1977809	6209944	92501775	
A	89	11	25	37	
A	89	1987468	6230786	92604230	
A	90	11	25	37	
A	90	2058221	6390128	92647473	
A	91	11	25	37	
A	91	2031448	6318545	92587209	
A	92	11	25	37	
A	92	2050041	6356428	92619353	
A	93	11	25	37	
A	93	2131102	6542258	92742809	
A	94	11	25	37	
A	94	2127671	6531501	92838751	
A	95	11	25	37	
A	95	2084751	6416128	92811768	
A	96	11	25	37	
A	96	2092557	6415332	92816909	
A	97	11	25	37	
A	97	2117333	6466071	92709354	
A	98	11	25	37	
A	98	2169158	6586622	92767886	
A	99	11	25	37	
A	99	2154931	6537607	92798583	
A	100	11	25	37	
A	100	2163341	6554393	92795046	
A	101	11	25	37	
A	101	2197226	6620882	92770364	
A	102	11	25	37	
A	102	2200927	6632629	92843666	
A	103	11	25	37	
A	103	2191472	6582131	92843107	
A	104	11	25	37	
A	104	2203495	6597278	92905207	
A	105	11	25	37	
A	105	2262738	6738223	92931327	
A	106	11	25	37	
A	106	2241426	6676783	92934731	
A	107	11	25	37	
A	107	2234792	6643616	92967391	
A	108	11	25	37	
A	108	2232862	6622497	92965585	
A	109	11	25	37	
A	109	2252643	6648934	92929597	
A	110	11	25	37	
A	110	2288545	6725966	92892180	
A	111	11	25	37	
A	111	2308869	6761564	92951794	
A	112	11	25	37	
A	112	2273817	6674019	93107374	
A	113	11	25	37	
A	113	2235953	6559116	93109813	
A	114	11	25	37	
A	114	2283886	6661518	93108431	
A	115	11	25	37	
A	115	2353858	6814766	93197353	
A	116	11	25	37	
A	116	2356212	6796926	93160670	
A	117	11	25	37	
A	117	2304396	6658192	93156691	
A	118	11	25	37	
A	118	2297447	6636458	93211912	
A	119	11	25	37	
A	119	2309476	6641496	93153160	
A	120	11	25	37	
A	120	2323273	6670813	93192601	
A	121	11	25	37	
A	121	2329053	6666041	93342789	
A	122	11	25	37	
A	122	2414045	6853626	93349265	
A	123	11	25	37	
A	123	2392680	6798950	93395953	
A	124	11	25	37	
A	124	2356812	6700963	93341799	
A	125	11	25	37	
A	125	2387675	6757285	93346837	
A	126	11	25	37	
A	126	2342314	6641777	93429094	
A	127	11	25	37	
A	127	2381410	6728010	93594686	
A	128	11	25	37	
A	128	2468727	6925718	93599709	
A	129	11	25	37	
A	129	2482432	6952559	93645261	
A	130	11	25	37	
A	130	2434888	6826505	93810195	
A	131	11	25	37	
A	131	2491169	6960473	93941811	
A	132	11	25	37	
A	132	2523669	7030462	94054539	
A	133	11	25	37	
A	133	2534170	7053881	94220315	
A	134	11	25	37	
A	134	2607240	7228669	94412433	
A	135	11	25	37	
A	135	2640066	7302679	94604446	
A	136	11	25	37	
A	136	2647613	7306715	94681065	
A	137	11	25	37	
A	137	2697383	7410816	94774189	
A	138	11	25	37	
A	138	2680166	7376714	94920807	
A	139	11	25	37	
A	139	2611766	7234097	95148088	
A	140	11	25	37	
A	140	2670801	7374567	95409529	
A	141	11	25	37	
A	141	2711301	7470341	95674111	
A	142	11	25	37	
A	142	2796390	7654063	95876906	
A	143	11	25	37	
A	143	2849900	7774143	96092362	
A	144	11	25	37	
A	144	2827433	7742970	96224911	
A	145	11	25	37	
A	145	3588066	9759958	96437719	
T	0	11	25	37	
T	0	1669386	4366899	79517702	
T	1	11	25	37	
T	1	1948221	5243027	86344411	
T	2	11	25	37	
T	2	1755022	4911077	88962532	
T	3	11	25	37	
T	3	1845742	5110288	87777749	
T	4	11	25	37	
T	4	1748050	5025747	89012439	
T	5	11	25	37	
T	5	1662448	4909586	89694499	
T	6	11	25	37	
T	6	1818674	5332680	91464040	
T	7	11	25	37	
T	7	1889264	5588406	92839162	
T	8	11	25	37	
T	8	1854530	5546480	91516874	
T	9	11	25	37	
T	9	1808202	5464627	91616662	
T	10	11	25	37	
T	10	1802638	5493589	92147815	
T	11	11	25	37	
T	11	1798243	5518340	92638589	
T	12	11	25	37	
T	12	1825424	5604206	93012888	
T	13	11	25	37	
T	13	1800718	5551212	92992770	
T	14	11	25	37	
T	14	1826003	5628603	93253136	
T	15	11	25	37	
T	15	1819974	5617077	93447476	
T	16	11	25	37	
T	16	1839108	5666840	93028857	
T	17	11	25	37	
T	17	1874462	5759058	92938289	
T	18	11	25	37	
T	18	1882253	5774052	92596854	
T	19	11	25	37	
T	19	1907874	5844108	92839009	
T	20	11	25	37	
T	20	2124766	6033371	92685698	
T	21	11	25	37	
T	21	2163860	6115710	92928923	
T	22	11	25	37	
T	22	2195600	6188708	92935389	
T	23	11	25	37	
T	23	2205973	6203750	92537770	
T	24	11	25	37	
T	24	2215452	6209423	92376207	
T	25	11	25	37	
T	25	2226425	6240621	92551498	
T	26	11	25	37	
T	26	2230030	6256179	92668550	
T	27	11	25	37	
T	27	2234803	6258145	92853778	
T	28	11	25	37	
T	28	2252032	6300573	93075595	
T	29	11	25	37	
T	29	2266735	6321492	92829663	
T	30	11	25	37	
T	30	2275540	6331268	92663111	
T	31	11	25	37	
T	31	2273939	6326057	92472130	
T	32	11	25	37	
T	32	2276663	6333430	92289991	
T	33	11	25	37	
T	33	2287359	6348551	92247227	
T	34	11	25	37	
T	34	2303753	6382947	92221184	
T	35	11	25	37	
T	35	2298925	6367645	92118290	
T	36	11	25	37	
T	36	2321395	6417703	92081131	
T	37	11	25	37	
T	37	2338319	6459896	92227510	
T	38	11	25	37	
T	38	2343101	6464595	92158061	
T	39	11	25	37	
T	39	2341994	6452431	91973774	
T	40	11	25	37	
T	40	2356065	6488519	91872941	
T	41	11	25	37	
T	41	2384090	6551978	92000830	
T	42	11	25	37	
T	42	2377121	6533190	92016109	
T	43	11	25	37	
T	43	2390119	6552780	92010752	
T	44	11	25	37	
T	44	2397068	6559959	91884774	
T	45	11	25	37	
T	45	2413136	6593430	91846078	
T	46	11	25	37	
T	46	2434488	6644401	92085797	
T	47	11	25	37	
T	47	2458740	6688403	91943843	
T	48	11	25	37	
T	48	2484093	6716689	91914800	
T	49	11	25	37	
T	49	2491490	6733441	91900117	
T	50	11	25	37	
T	50	2476579	6730650	91821811	
T	51	11	25	37	
T	51	2484082	6738208	91980029	
T	52	11	25	37	
T	52	2525764	6818273	92243235	
T	53	11	25	37	
T	53	2504767	6794446	92139958	
T	54	11	25	37	
T	54	2526600	6840820	91815230	
T	55	11	25	37	
T	55	2543417	6888450	91932921	
T	56	11	25	37	
T	56	2545281	6884725	92121121	
T	57	11	25	37	
T	57	2555833	6901061	91995823	
T	58	11	25	37	
T	58	2572985	6935738	91861401	
T	59	11	25	37	
T	59	2570802	6928692	91952386	
T	60	11	25	37	
T	60	2583966	6951469	91894458	
T	61	11	25	37	
T	61	2616287	7013832	91880604	
T	62	11	25	37	
T	62	2617709	7030382	91847489	
T	63	11	25	37	
T	63	2634294	7068204	91868650	
T	64	11	25	37	
T	64	2700095	7204734	91794242	
T	65	11	25	37	
T	65	2672790	7157414	91757614	
T	66	11	25	37	
T	66	2671341	7134277	91911100	
T	67	11	25	37	
T	67	2662286	7103955	91983426	
T	68	11	25	37	
T	68	2665016	7119729	91743321	
T	69	11	25	37	
T	69	2686421	7169975	91601105	
T	70	11	25	37	
T	70	2710823	7222137	91522190	
T	71	11	25	37	
T	71	2727407	7271485	91570427	
T	72	11	25	37	
T	72	2734198	7283924	91582839	
T	73	11	25	37	
T	73	2750687	7326145	91599910	
T	74	11	25	37	
T	74	2752762	7326565	91635790	
T	75	11	25	37	
T	75	2727518	7281053	91770896	
T	76	11	25	37	
T	76	2743337	7326703	91810011	
T	77	11	25	37	
T	77	2774599	7393845	91626814	
T	78	11	25	37	
T	78	2778648	7393996	91556924	
T	79	11	25	37	
T	79	2820662	7487472	91543144	
T	80	11	25	37	
T	80	2838261	7529134	91497744	
T	81	11	25	37	
T	81	2869920	7596047	91520164	
T	82	11	25	37	
T	82	2857107	7563392	91572471	
T	83	11	25	37	
T	83	2856431	7563273	91575539	
T	84	11	25	37	
T	84	2870328	7591895	91631592	
T	85	11	25	37	
T	85	2852513	7552303	91530002	
T	86	11	25	37	
T	86	2872160	7592995	91646059	
T	87	11	25	37	
T	87	2937006	7742331	91638712	
T	88	11	25	37	
T	88	2926069	7708314	91502104	
T	89	11	25	37	
T	89	2920161	7691112	91583188	
T	90	11	25	37	
T	90	2991600	7845034	91605183	
T	91	11	25	37	
T	91	2962458	7784143	91479224	
T	92	11	25	37	
T	92	2955591	7772534	91452166	
T	93	11	25	37	
T	93	3049503	7975127	91447714	
T	94	11	25	37	
T	94	3036188	7932378	91337668	
T	95	11	25	37	
T	95	2984697	7810579	91277454	
T	96	11	25	37	
T	96	2966277	7777668	91416097	
T	97	11	25	37	
T	97	3015187	7885236	91358662	
T	98	11	25	37	
T	98	3061415	7977480	91309203	
T	99	11	25	37	
T	99	3048026	7945271	91264583	
T	100	11	25	37	
T	100	3044611	7925396	91326580	
T	101	11	25	37	
T	101	3078343	8005205	91316373	
T	102	11	25	37	
T	102	3074062	7994263	91321225	
T	103	11	25	37	
T	103	3081281	7999216	91303116	
T	104	11	25	37	
T	104	3057974	7945337	91236175	
T	105	11	25	37	
T	105	3133063	8101000	91166627	
T	106	11	25	37	
T	106	3102667	8035460	91242984	
T	107	11	25	37	
T	107	3097476	8007404	91268199	
T	108	11	25	37	
T	108	3093043	7992607	91206887	
T	109	11	25	37	
T	109	3104925	8009436	91147251	
T	110	11	25	37	
T	110	3133693	8067600	91131553	
T	111	11	25	37	
T	111	3165133	8120291	91106913	
T	112	11	25	37	
T	112	3113326	8002687	91055449	
T	113	11	25	37	
T	113	3062209	7889460	91068452	
T	114	11	25	37	
T	114	3109871	7989345	91087030	
T	115	11	25	37	
T	115	3181177	8153930	91129882	
T	116	11	25	37	
T	116	3177140	8114147	91112474	
T	117	11	25	37	
T	117	3126976	8005831	91137437	
T	118	11	25	37	
T	118	3115748	7963217	91148232	
T	119	11	25	37	
T	119	3134010	7996504	91154906	
T	120	11	25	37	
T	120	3135187	7978491	91020203	
T	121	11	25	37	
T	121	3130973	7959287	90970623	
T	122	11	25	37	
T	122	3198574	8118418	90921585	
T	123	11	25	37	
T	123	3200639	8108327	90949922	
T	124	11	25	37	
T	124	3157896	7996091	90918695	
T	125	11	25	37	
T	125	3171331	8014334	90937761	
T	126	11	25	37	
T	126	3112032	7855166	90868014	
T	127	11	25	37	
T	127	3142794	7927740	90820402	
T	128	11	25	37	
T	128	3212305	8079243	90771410	
T	129	11	25	37	
T	129	3221592	8083492	90694922	
T	130	11	25	37	
T	130	3164577	7927859	90501884	
T	131	11	25	37	
T	131	3191602	8006588	90399407	
T	132	11	25	37	
T	132	3199262	8002772	90239321	
T	133	11	25	37	
T	133	3195946	7978064	90114617	
T	134	11	25	37	
T	134	3229852	8060353	89926560	
T	135	11	25	37	
T	135	3259129	8120553	89829706	
T	136	11	25	37	
T	136	3255077	8096842	89780648	
T	137	11	25	37	
T	137	3289344	8164092	89606177	
T	138	11	25	37	
T	138	3244185	8046258	89423378	
T	139	11	25	37	
T	139	3150092	7816869	89175343	
T	140	11	25	37	
T	140	3168057	7847571	88887003	
T	141	11	25	37	
T	141	3178636	7864113	88574464	
T	142	11	25	37	
T	142	3206542	7919746	88326649	
T	143	11	25	37	
T	143	3236918	7992712	88084311	
T	144	11	25	37	
T	144	3184632	7859320	87818271	
T	145	11	25	37	
T	145	3689020	9465418	87417537	
G	0	11	25	37	
G	0	1576556	4656479	86295077	
G	1	11	25	37	
G	1	1503482	4641448	82927896	
G	2	11	25	37	
G	2	1425338	4447260	84985099	
G	3	11	25	37	
G	3	1474847	4542499	85336447	
G	4	11	25	37	
G	4	1282503	4077744	80902173	
G	5	11	25	37	
G	5	1241843	3976115	80114716	
G	6	11	25	37	
G	6	1327072	4114560	80261742	
G	7	11	25	37	
G	7	1287477	3991898	78948523	
G	8	11	25	37	
G	8	1278020	3980244	79460622	
G	9	11	25	37	
G	9	1261047	3945833	79730061	
G	10	11	25	37	
G	10	1219269	3826188	78271031	
G	11	11	25	37	
G	11	1200266	3787251	78026864	
G	12	11	25	37	
G	12	1220554	3831924	78045049	
G	13	11	25	37	
G	13	1214447	3826093	78202705	
G	14	11	25	37	
G	14	1228549	3848092	78164653	
G	15	11	25	37	
G	15	1222128	3824601	77874216	
G	16	11	25	37	
G	16	1248435	3888332	77792980	
G	17	11	25	37	
G	17	1285125	3979750	78156706	
G	18	11	25	37	
G	18	1305289	4023215	78358867	
G	19	11	25	37	
G	19	1319584	4054703	78188790	
G	20	11	25	37	
G	20	1451023	4180906	78470088	
G	21	11	25	37	
G	21	1473618	4224278	78516972	
G	22	11	25	37	
G	22	1491285	4254811	78575323	
G	23	11	25	37	
G	23	1502630	4287670	78987704	
G	24	11	25	37	
G	24	1512350	4293526	78789864	
G	25	11	25	37	
G	25	1515688	4296084	78463540	
G	26	11	25	37	
G	26	1511856	4278318	78215529	
G	27	11	25	37	
G	27	1517431	4291195	78254040	
G	28	11	25	37	
G	28	1525025	4299313	78343471	
G	29	11	25	37	
G	29	1541702	4339678	78495584	
G	30	11	25	37	
G	30	1550448	4353419	78588621	
G	31	11	25	37	
G	31	1559608	4371238	78730344	
G	32	11	25	37	
G	32	1571434	4397841	78901489	
G	33	11	25	37	
G	33	1575246	4394349	78872153	
G	34	11	25	37	
G	34	1585014	4415986	78789407	
G	35	11	25	37	
G	35	1584939	4414575	78891783	
G	36	11	25	37	
G	36	1594932	4434053	78981949	
G	37	11	25	37	
G	37	1596865	4440095	78800220	
G	38	11	25	37	
G	38	1607331	4447964	78817162	
G	39	11	25	37	
G	39	1615372	4466108	78934891	
G	40	11	25	37	
G	40	1614833	4468062	79035774	
G	41	11	25	37	
G	41	1635595	4508170	79043165	
G	42	11	25	37	
G	42	1636618	4512650	79127280	
G	43	11	25	37	
G	43	1641109	4524711	79138271	
G	44	11	25	37	
G	44	1648685	4535412	79126952	
G	45	11	25	37	
G	45	1661332	4549043	79100445	
G	46	11	25	37	
G	46	1664352	4556651	79046452	
G	47	11	25	37	
G	47	1686923	4603128	79201728	
G	48	11	25	37	
G	48	1705062	4624762	79157540	
G	49	11	25	37	
G	49	1716133	4642744	79181859	
G	50	11	25	37	
G	50	1699274	4620149	79219772	
G	51	11	25	37	
G	51	1709777	4630684	79225759	
G	52	11	25	37	
G	52	1723566	4654620	79077411	
G	53	11	25	37	
G	53	1703508	4615232	79239680	
G	54	11	25	37	
G	54	1736211	4676252	79425060	
G	55	11	25	37	
G	55	1749946	4691580	79211967	
G	56	11	25	37	
G	56	1748284	4689288	78959279	
G	57	11	25	37	
G	57	1754144	4696833	78986650	
G	58	11	25	37	
G	58	1771571	4729133	79018858	
G	59	11	25	37	
G	59	1771164	4711598	78935050	
G	60	11	25	37	
G	60	1776249	4720511	79050876	
G	61	11	25	37	
G	61	1792338	4761475	79089861	
G	62	11	25	37	
G	62	1805595	4778573	79086605	
G	63	11	25	37	
G	63	1805262	4767351	78925103	
G	64	11	25	37	
G	64	1824255	4824681	78966968	
G	65	11	25	37	
G	65	1820535	4806612	79015103	
G	66	11	25	37	
G	66	1833109	4816831	78955874	
G	67	11	25	37	
G	67	1816720	4787936	78878549	
G	68	11	25	37	
G	68	1814207	4796136	79028461	
G	69	11	25	37	
G	69	1813499	4788281	79117977	
G	70	11	25	37	
G	70	1824178	4803137	78849427	
G	71	11	25	37	
G	71	1827728	4811955	78782441	
G	72	11	25	37	
G	72	1840308	4831237	78934869	
G	73	11	25	37	
G	73	1864497	4856298	79008689	
G	74	11	25	37	
G	74	1882089	4878092	78999420	
G	75	11	25	37	
G	75	1844577	4821214	78922817	
G	76	11	25	37	
G	76	1831757	4818029	79005181	
G	77	11	25	37	
G	77	1846825	4842368	79071028	
G	78	11	25	37	
G	78	1842490	4827627	78935648	
G	79	11	25	37	
G	79	1864291	4869948	79014150	
G	80	11	25	37	
G	80	1880649	4902545	79130182	
G	81	11	25	37	
G	81	1901725	4938185	79047148	
G	82	11	25	37	
G	82	1905455	4943741	79124075	
G	83	11	25	37	
G	83	1905223	4930043	79009695	
G	84	11	25	37	
G	84	1927822	4978450	78962024	
G	85	11	25	37	
G	85	1914477	4948425	79069164	
G	86	11	25	37	
G	86	1924499	4971913	79011069	
G	87	11	25	37	
G	87	1961677	5045348	78986974	
G	88	11	25	37	
G	88	1955209	5033839	79039073	
G	89	11	25	37	
G	89	1949870	5013760	78981323	
G	90	11	25	37	
G	90	1996703	5113267	79126696	
G	91	11	25	37	
G	91	1992853	5105084	79146663	
G	92	11	25	37	
G	92	1988388	5083844	79018339	
G	93	11	25	37	
G	93	2052650	5219225	78953811	
G	94	11	25	37	
G	94	2058081	5230674	78897024	
G	95	11	25	37	
G	95	2043508	5192860	78837357	
G	96	11	25	37	
G	96	2060170	5214455	78824498	
G	97	11	25	37	
G	97	2087112	5275975	78977181	
G	98	11	25	37	
G	98	2121532	5354192	79015381	
G	99	11	25	37	
G	99	2121922	5358404	79000487	
G	100	11	25	37	
G	100	2127098	5350870	78845929	
G	101	11	25	37	
G	101	2164680	5426689	78865439	
G	102	11	25	37	
G	102	2161358	5428016	78809235	
G	103	11	25	37	
G	103	2182445	5469484	78752102	
G	104	11	25	37	
G	104	2180172	5462066	78796607	
G	105	11	25	37	
G	105	2234612	5583815	78797982	
G	106	11	25	37	
G	106	2228371	5552656	78749577	
G	107	11	25	37	
G	107	2241757	5582555	78734240	
G	108	11	25	37	
G	108	2253804	5609768	78765295	
G	109	11	25	37	
G	109	2279953	5658182	78776652	
G	110	11	25	37	
G	110	2306252	5718181	78812484	
G	111	11	25	37	
G	111	2332377	5785830	78849022	
G	112	11	25	37	
G	112	2324294	5749338	78718142	
G	113	11	25	37	
G	113	2313959	5725167	78765748	
G	114	11	25	37	
G	114	2359179	5817872	78750843	
G	115	11	25	37	
G	115	2422685	5960029	78655908	
G	116	11	25	37	
G	116	2435365	5987126	78679875	
G	117	11	25	37	
G	117	2425276	5954826	78709526	
G	118	11	25	37	
G	118	2440069	5992786	78696289	
G	119	11	25	37	
G	119	2463408	6037309	78631622	
G	120	11	25	37	
G	120	2474000	6074807	78658398	
G	121	11	25	37	
G	121	2492120	6102085	78578771	
G	122	11	25	37	
G	122	2540129	6231434	78545075	
G	123	11	25	37	
G	123	2558592	6277244	78391882	
G	124	11	25	37	
G	124	2539241	6228428	78363895	
G	125	11	25	37	
G	125	2573261	6323050	78416329	
G	126	11	25	37	
G	126	2563053	6282199	78335830	
G	127	11	25	37	
G	127	2591147	6362454	78156448	
G	128	11	25	37	
G	128	2658885	6539588	78312290	
G	129	11	25	37	
G	129	2683325	6597852	78343779	
G	130	11	25	37	
G	130	2662787	6544428	78365066	
G	131	11	25	37	
G	131	2706316	6664934	78371998	
G	132	11	25	37	
G	132	2737008	6746770	78391355	
G	133	11	25	37	
G	133	2755915	6800458	78401181	
G	134	11	25	37	
G	134	2825549	6990477	78524363	
G	135	11	25	37	
G	135	2857391	7068160	78500021	
G	136	11	25	37	
G	136	2877259	7106835	78428980	
G	137	11	25	37	
G	137	2944092	7282725	78563913	
G	138	11	25	37	
G	138	2953224	7291954	78751830	
G	139	11	25	37	
G	139	2899695	7166450	78761457	
G	140	11	25	37	
G	140	2959023	7319832	78778108	
G	141	11	25	37	
G	141	3017417	7460013	78877815	
G	142	11	25	37	
G	142	3096047	7645534	78973237	
G	143	11	25	37	
G	143	3173674	7837048	79141986	
G	144	11	25	37	
G	144	3181238	7845855	79354296	
G	145	11	25	37	
G	145	3972338	9932914	79481815	
C	0	11	25	37	
C	0	973429	2652775	68653664	
C	1	11	25	37	
C	1	823742	2487817	71957770	
C	2	11	25	37	
C	2	749209	2340230	73329687	
C	3	11	25	37	
C	3	808300	2524388	77408300	
C	4	11	25	37	
C	4	784834	2509008	77940387	
C	5	11	25	37	
C	5	735996	2407931	77279715	
C	6	11	25	37	
C	6	810771	2587007	77001536	
C	7	11	25	37	
C	7	863690	2765160	78220162	
C	8	11	25	37	
C	8	864037	2773183	77287929	
C	9	11	25	37	
C	9	844935	2728213	77515828	
C	10	11	25	37	
C	10	826971	2696976	77942263	
C	11	11	25	37	
C	11	815687	2674992	77020241	
C	12	11	25	37	
C	12	828406	2706184	76506688	
C	13	11	25	37	
C	13	834810	2737188	76547935	
C	14	11	25	37	
C	14	854776	2780520	76524258	
C	15	11	25	37	
C	15	856839	2789238	76657385	
C	16	11	25	37	
C	16	870767	2835413	76811977	
C	17	11	25	37	
C	17	890783	2885205	76694938	
C	18	11	25	37	
C	18	906133	2917641	76515743	
C	19	11	25	37	
C	19	928367	2977116	76938676	
C	20	11	25	37	
C	20	1043116	3108628	77380987	
C	21	11	25	37	
C	21	1057207	3144395	77462319	
C	22	11	25	37	
C	22	1072356	3172062	77428139	
C	23	11	25	37	
C	23	1079928	3180950	77302161	
C	24	11	25	37	
C	24	1080804	3178924	77634889	
C	25	11	25	37	
C	25	1088775	3204899	77834723	
C	26	11	25	37	
C	26	1095088	3216246	77863883	
C	27	11	25	37	
C	27	1102330	3225186	77796823	
C	28	11	25	37	
C	28	1114463	3251196	77734454	
C	29	11	25	37	
C	29	1118121	3256010	77699193	
C	30	11	25	37	
C	30	1122212	3266041	77701510	
C	31	11	25	37	
C	31	1127790	3279073	77616823	
C	32	11	25	37	
C	32	1136703	3291961	77686793	
C	33	11	25	37	
C	33	1143037	3311647	77901853	
C	34	11	25	37	
C	34	1157081	3340994	78001198	
C	35	11	25	37	
C	35	1156330	3329003	77904625	
C	36	11	25	37	
C	36	1164583	3341871	77929851	
C	37	11	25	37	
C	37	1170985	3363657	78005235	
C	38	11	25	37	
C	38	1176952	3367268	77862598	
C	39	11	25	37	
C	39	1176427	3367247	77991734	
C	40	11	25	37	
C	40	1196846	3413955	78145707	
C	41	11	25	37	
C	41	1201671	3418672	78077877	
C	42	11	25	37	
C	42	1194616	3400464	77972009	
C	43	11	25	37	
C	43	1204671	3428076	78097125	
C	44	11	25	37	
C	44	1215894	3458886	78312153	
C	45	11	25	37	
C	45	1226304	3475136	78392419	
C	46	11	25	37	
C	46	1236414	3493327	78228374	
C	47	11	25	37	
C	47	1247210	3511019	78240881	
C	48	11	25	37	
C	48	1246605	3508327	78253537	
C	49	11	25	37	
C	49	1265359	3542612	78288584	
C	50	11	25	37	
C	50	1270560	3553213	78312709	
C	51	11	25	37	
C	51	1263899	3545563	78152075	
C	52	11	25	37	
C	52	1268686	3549957	78171821	
C	53	11	25	37	
C	53	1268222	3551003	78191381	
C	54	11	25	37	
C	54	1290133	3600268	78210762	
C	55	11	25	37	
C	55	1321645	3650086	78316550	
C	56	11	25	37	
C	56	1335498	3670858	78379033	
C	57	11	25	37	
C	57	1319036	3663138	78418119	
C	58	11	25	37	
C	58	1324785	3676144	78552805	
C	59	11	25	37	
C	59	1330294	3661821	78490272	
C	60	11	25	37	
C	60	1336331	3677160	78441456	
C	61	11	25	37	
C	61	1335672	3689600	78486242	
C	62	11	25	37	
C	62	1354935	3715247	78549545	
C	63	11	25	37	
C	63	1361484	3733060	78570666	
C	64	11	25	37	
C	64	1368893	3759297	78639136	
C	65	11	25	37	
C	65	1382291	3773739	78692254	
C	66	11	25	37	
C	66	1372113	3751277	78725256	
C	67	11	25	37	
C	67	1357739	3756136	78697515	
C	68	11	25	37	
C	68	1364656	3768678	78682784	
C	69	11	25	37	
C	69	1371164	3775952	78623432	
C	70	11	25	37	
C	70	1394862	3824124	78828140	
C	71	11	25	37	
C	71	1395866	3824949	78724907	
C	72	11	25	37	
C	72	1392245	3818788	78648587	
C	73	11	25	37	
C	73	1409335	3860523	78729285	
C	74	11	25	37	
C	74	1415926	3876819	78824852	
C	75	11	25	37	
C	75	1403425	3854495	78774429	
C	76	11	25	37	
C	76	1427198	3908875	78683848	
C	77	11	25	37	
C	77	1434338	3919085	78764270	
C	78	11	25	37	
C	78	1438777	3937778	78820566	
C	79	11	25	37	
C	79	1462512	3981375	78670990	
C	80	11	25	37	
C	80	1468060	3992308	78563649	
C	81	11	25	37	
C	81	1483972	4025838	78621859	
C	82	11	25	37	
C	82	1487146	4038128	78815554	
C	83	11	25	37	
C	83	1501494	4069022	78896583	
C	84	11	25	37	
C	84	1500426	4061062	78708388	
C	85	11	25	37	
C	85	1502903	4054002	78737915	
C	86	11	25	37	
C	86	1510384	4085114	78814857	
C	87	11	25	37	
C	87	1532716	4131400	78856027	
C	88	11	25	37	
C	88	1531161	4134095	78950449	
C	89	11	25	37	
C	89	1531361	4135162	78824660	
C	90	11	25	37	
C	90	1552915	4169664	78614049	
C	91	11	25	37	
C	91	1549418	4164263	78780305	
C	92	11	25	37	
C	92	1575822	4218898	78903543	
C	93	11	25	37	
C	93	1599060	4262439	78849067	
C	94	11	25	37	
C	94	1605321	4274584	78919958	
C	95	11	25	37	
C	95	1590889	4248065	79066822	
C	96	11	25	37	
C	96	1597288	4259620	78935897	
C	97	11	25	37	
C	97	1617409	4292760	78948204	
C	98	11	25	37	
C	98	1635659	4333102	78900931	
C	99	11	25	37	
C	99	1627908	4307018	78929748	
C	100	11	25	37	
C	100	1640324	4329464	79025846	
C	101	11	25	37	
C	101	1654156	4352624	79041225	
C	102	11	25	37	
C	102	1660743	4370582	79019275	
C	103	11	25	37	
C	103	1661556	4356977	79095076	
C	104	11	25	37	
C	104	1667914	4375624	79055412	
C	105	11	25	37	
C	105	1675606	4387677	79097465	
C	106	11	25	37	
C	106	1675519	4376392	79065838	
C	107	11	25	37	
C	107	1669788	4361086	79023112	
C	108	11	25	37	
C	108	1672426	4357648	79055634	
C	109	11	25	37	
C	109	1697714	4401753	79139901	
C	110	11	25	37	
C	110	1709223	4420632	79157184	
C	111	11	25	37	
C	111	1720519	4436265	79085672	
C	112	11	25	37	
C	112	1709688	4395726	79112436	
C	113	11	25	37	
C	113	1689126	4358508	79049388	
C	114	11	25	37	
C	114	1714788	4403630	79047097	
C	115	11	25	37	
C	115	1730908	4436866	79010258	
C	116	11	25	37	
C	116	1729333	4410686	79040382	
C	117	11	25	37	
C	117	1713513	4375617	78989747	
C	118	11	25	37	
C	118	1720696	4380340	78936968	
C	119	11	25	37	
C	119	1725504	4387227	79053713	
C	120	11	25	37	
C	120	1725884	4373673	79122199	
C	121	11	25	37	
C	121	1740421	4402287	79101218	
C	122	11	25	37	
C	122	1770176	4459511	79177476	
C	123	11	25	37	
C	123	1760960	4431640	79255644	
C	124	11	25	37	
C	124	1763227	4437945	79369012	
C	125	11	25	37	
C	125	1754761	4403947	79292474	
C	126	11	25	37	
C	126	1735301	4355191	79360463	
C	127	11	25	37	
C	127	1757509	4404115	79421865	
C	128	11	25	37	
C	128	1785766	4448689	79309992	
C	129	11	25	37	
C	129	1774256	4413909	79309439	
C	130	11	25	37	
C	130	1761786	4382721	79316256	
C	131	11	25	37	
C	131	1766628	4387539	79280185	
C	132	11	25	37	
C	132	1767122	4379173	79308186	
C	133	11	25	37	
C	133	1780415	4406166	79257288	
C	134	11	25	37	
C	134	1793172	4427246	79130045	
C	135	11	25	37	
C	135	1808489	4460947	79059228	
C	136	11	25	37	
C	136	1815053	4462737	79102708	
C	137	11	25	37	
C	137	1827959	4493399	79049122	
C	138	11	25	37	
C	138	1797317	4414095	78897386	
C	139	11	25	37	
C	139	1758403	4332436	78908513	
C	140	11	25	37	
C	140	1783495	4381930	78918761	
C	141	11	25	37	
C	141	1778360	4364724	78867011	
C	142	11	25	37	
C	142	1808984	4427737	78816609	
C	143	11	25	37	
C	143	1819143	4442586	78674742	
C	144	11	25	37	
C	144	1800152	4399258	78595923	
C	145	11	25	37	
C	145	2145667	5289128	78656330	
N	0	2	
N	0	665	
N	1	2	
N	1	649	
N	2	
N	2	
N	3	
N	3	
N	4	
N	4	
N	5	
N	5	
N	6	
N	6	
N	7	
N	7	
N	8	2	
N	8	619	
N	9	2	
N	9	1740	
N	10	
N	10	
N	11	
N	11	
N	12	
N	12	
N	13	
N	13	
N	14	
N	14	
N	15	
N	15	
N	16	
N	16	
N	17	
N	17	
N	18	2	
N	18	9111	
N	19	
N	19	
N	20	
N	20	
N	21	
N	21	
N	22	
N	22	
N	23	2	
N	23	4750	
N	24	
N	24	
N	25	
N	25	
N	26	2	
N	26	1157	
N	27	
N	27	
N	28	
N	28	
N	29	
N	29	
N	30	
N	30	
N	31	2	
N	31	14	
N	32	
N	32	
N	33	2	
N	33	741	
N	34	2	
N	34	3	
N	35	2	
N	35	28	
N	36	2	
N	36	3	
N	37	
N	37	
N	38	
N	38	
N	39	
N	39	
N	40	
N	40	
N	41	2	
N	41	320	
N	42	2	
N	42	1370	
N	43	2	
N	43	1732	
N	44	2	
N	44	483	
N	45	2	
N	45	72	
N	46	
N	46	
N	47	
N	47	
N	48	
N	48	
N	49	
N	49	
N	50	
N	50	
N	51	
N	51	
N	52	
N	52	
N	53	
N	53	
N	54	
N	54	
N	55	
N	55	
N	56	
N	56	
N	57	
N	57	
N	58	2	
N	58	13	
N	59	
N	59	
N	60	
N	60	
N	61	
N	61	
N	62	
N	62	
N	63	
N	63	
N	64	
N	64	
N	65	
N	65	
N	66	
N	66	
N	67	
N	67	
N	68	
N	68	
N	69	
N	69	
N	70	
N	70	
N	71	
N	71	
N	72	
N	72	
N	73	
N	73	
N	74	
N	74	
N	75	
N	75	
N	76	
N	76	
N	77	
N	77	
N	78	
N	78	
N	79	
N	79	
N	80	
N	80	
N	81	
N	81	
N	82	
N	82	
N	83	
N	83	
N	84	
N	84	
N	85	
N	85	
N	86	
N	86	
N	87	
N	87	
N	88	
N	88	
N	89	
N	89	
N	90	
N	90	
N	91	
N	91	
N	92	
N	92	
N	93	
N	93	
N	94	
N	94	
N	95	
N	95	
N	96	
N	96	
N	97	
N	97	
N	98	
N	98	
N	99	
N	99	
N	100	
N	100	
N	101	
N	101	
N	102	
N	102	
N	103	
N	103	
N	104	
N	104	
N	105	
N	105	
N	106	2	
N	106	271	
N	107	2	
N	107	459	
N	108	
N	108	
N	109	
N	109	
N	110	
N	110	
N	111	
N	111	
N	112	
N	112	
N	113	
N	113	
N	114	
N	114	
N	115	
N	115	
N	116	
N	116	
N	117	
N	117	
N	118	
N	118	
N	119	
N	119	
N	120	
N	120	
N	121	
N	121	
N	122	
N	122	
N	123	
N	123	
N	124	
N	124	
N	125	
N	125	
N	126	
N	126	
N	127	
N	127	
N	128	
N	128	
N	129	
N	129	
N	130	
N	130	
N	131	
N	131	
N	132	
N	132	
N	133	
N	133	
N	134	
N	134	
N	135	
N	135	
N	136	
N	136	
N	137	
N	137	
N	138	
N	138	
N	139	
N	139	
N	140	
N	140	
N	141	
N	141	
N	142	
N	142	
N	143	
N	143	
N	144	
N	144	
N	145	
N	145	
