.	0	2	11	25	37	
.	0	665	10982205	31553694	683986802	
.	1	2	11	25	37	
.	1	649	11660061	34335962	683986802	
.	2	11	25	37	
.	2	10950599	32738587	683986802	
.	3	11	25	37	
.	3	11545489	34199668	683986802	
.	4	11	25	37	
.	4	11230604	33896507	683986802	
.	5	11	25	37	
.	5	10931880	33515688	683986802	
.	6	11	25	37	
.	6	11596663	34982363	683986802	
.	7	11	25	37	
.	7	11965752	35999956	683986802	
.	8	2	11	25	37	
.	8	619	11850294	35959751	683986802	
.	9	2	11	25	37	
.	9	1740	11651280	35425247	683986802	
.	10	11	25	37	
.	10	11494517	35172889	683986802	
.	11	11	25	37	
.	11	11544386	35385683	683986802	
.	12	11	25	37	
.	12	11558885	35464852	683986802	
.	13	11	25	37	
.	13	11543770	35460016	683986802	
.	14	11	25	37	
.	14	11622705	35620136	683986802	
.	15	11	25	37	
.	15	11698921	35831281	683986802	
.	16	11	25	37	
.	16	12015498	36621405	683986802	
.	17	11	25	37	
.	17	12066079	36768875	683986802	
.	18	2	11	25	37	
.	18	9111	12093199	36815463	683986802	
.	19	11	25	37	
.	19	12352003	37470311	683986802	
.	20	11	25	37	
.	20	12972380	38073948	683986802	
.	21	11	25	37	
.	21	13073346	38301761	683986802	
.	22	11	25	37	
.	22	13223094	38560706	683986802	
.	23	2	11	25	37	
.	23	4754	13410233	39031553	683986802	
.	24	11	25	37	
.	24	13479325	39117632	683986802	
.	25	2	11	25	37	
.	25	1278	13429636	38961204	683986802	
.	26	2	11	25	37	
.	26	1157	13491331	39100129	683986802	
.	27	2	11	25	37	
.	27	496	13726995	39655074	683986802	
.	28	11	25	37	
.	28	13788319	39760844	683986802	
.	29	11	25	37	
.	29	13841176	39853614	683986802	
.	30	11	25	37	
.	30	13919726	40051452	683986802	
.	31	2	11	25	37	
.	31	14	13998913	40262269	683986802	
.	32	11	25	37	
.	32	14033164	40354465	683986802	
.	33	2	11	25	37	
.	33	741	14068627	40360759	683986802	
.	34	2	11	25	37	
.	34	3	14100331	40402439	683986802	
.	35	2	11	25	37	
.	35	28	14227177	40707193	683986802	
.	36	2	11	25	37	
.	36	3	14330977	40939539	683986802	
.	37	11	25	37	
.	37	14408181	41105044	683986802	
.	38	11	25	37	
.	38	14475563	41220179	683986802	
.	39	11	25	37	
.	39	14456872	41139908	683986802	
.	40	11	25	37	
.	40	14509128	41273133	683986802	
.	41	2	11	25	37	
.	41	320	14601061	41467959	683986802	
.	42	2	11	25	37	
.	42	1370	14821576	41983273	683986802	
.	43	2	11	25	37	
.	43	1732	14757887	41820318	683986802	
.	44	2	11	25	37	
.	44	483	14781069	41855706	683986802	
.	45	2	11	25	37	
.	45	72	14893991	42115411	683986802	
.	46	11	25	37	
.	46	15267025	42962664	683986802	
.	47	11	25	37	
.	47	15121801	42578460	683986802	
.	48	11	25	37	
.	48	15110990	42435676	683986802	
.	49	11	25	37	
.	49	15274978	42785335	683986802	
.	50	11	25	37	
.	50	15532758	43481786	683986802	
.	51	11	25	37	
.	51	15502457	43358447	683986802	
.	52	11	25	37	
.	52	15541710	43403219	683986802	
.	53	11	25	37	
.	53	15510185	43368081	683986802	
.	54	11	25	37	
.	54	15858141	44189573	683986802	
.	55	11	25	37	
.	55	15849851	44119739	683986802	
.	56	11	25	37	
.	56	15836730	44049790	683986802	
.	57	11	25	37	
.	57	15982818	44401407	683986802	
.	58	2	11	25	37	
.	58	13	16101479	44673660	683986802	
.	59	11	25	37	
.	59	16158597	44699310	683986802	
.	60	11	25	37	
.	60	16089117	44516112	683986802	
.	61	11	25	37	
.	61	16370962	45209325	683986802	
.	62	11	25	37	
.	62	16464696	45414566	683986802	
.	63	11	25	37	
.	63	16607669	45732417	683986802	
.	64	11	25	37	
.	64	16693988	45898356	683986802	
.	65	11	25	37	
.	65	16751664	46018809	683986802	
.	66	2	11	25	37	
.	66	62	16806853	46036111	683986802	
.	67	11	25	37	
.	67	16757301	45973534	683986802	
.	68	11	25	37	
.	68	16820997	46155082	683986802	
.	69	11	25	37	
.	69	16963713	46467869	683986802	
.	70	11	25	37	
.	70	17052442	46590796	683986802	
.	71	11	25	37	
.	71	17096653	46746856	683986802	
.	72	2	11	25	37	
.	72	62	17202426	46968862	683986802	
.	73	11	25	37	
.	73	17183457	46902514	683986802	
.	74	2	11	25	37	
.	74	63	17318695	47210522	683986802	
.	75	11	25	37	
.	75	17398400	47397280	683986802	
.	76	11	25	37	
.	76	17372663	47335092	683986802	
.	77	11	25	37	
.	77	17272652	47003471	683986802	
.	78	11	25	37	
.	78	17395636	47278260	683986802	
.	79	11	25	37	
.	79	17635929	47893187	683986802	
.	80	11	25	37	
.	80	17757788	48226882	683986802	
.	81	11	25	37	
.	81	17805144	48304225	683986802	
.	82	11	25	37	
.	82	17867343	48404930	683986802	
.	83	11	25	37	
.	83	17922861	48525417	683986802	
.	84	11	25	37	
.	84	18233166	49240380	683986802	
.	85	11	25	37	
.	85	18005851	48668176	683986802	
.	86	11	25	37	
.	86	18096133	48866505	683986802	
.	87	11	25	37	
.	87	18389645	49543455	683986802	
.	88	11	25	37	
.	88	18459950	49678065	683986802	
.	89	11	25	37	
.	89	18377607	49469037	683986802	
.	90	11	25	37	
.	90	18641254	50060423	683986802	
.	91	2	11	25	37	
.	91	299	18826000	50509331	683986802	
.	92	11	25	37	
.	92	18741878	50257378	683986802	
.	93	11	25	37	
.	93	18953141	50714428	683986802	
.	94	11	25	37	
.	94	19072681	50996228	683986802	
.	95	11	25	37	
.	95	18994349	50802890	683986802	
.	96	11	25	37	
.	96	19060245	50888633	683986802	
.	97	11	25	37	
.	97	19172217	51131631	683986802	
.	98	11	25	37	
.	98	19393728	51633143	683986802	
.	99	11	25	37	
.	99	19580647	52057554	683986802	
.	100	11	25	37	
.	100	19307651	51346051	683986802	
.	101	11	25	37	
.	101	19527282	51826933	683986802	
.	102	11	25	37	
.	102	19796498	52444871	683986802	
.	103	11	25	37	
.	103	19944335	52727588	683986802	
.	104	11	25	37	
.	104	19709408	52167149	683986802	
.	105	2	11	25	37	
.	105	3	19780155	52316187	683986802	
.	106	2	11	25	37	
.	106	271	19882538	52524017	683986802	
.	107	2	11	25	37	
.	107	493	19826421	52382554	683986802	
.	108	11	25	37	
.	108	19948228	52657210	683986802	
.	109	11	25	37	
.	109	20487703	53790338	683986802	
.	110	11	25	37	
.	110	20417352	53555147	683986802	
.	111	2	11	25	37	
.	111	5	20525203	53788823	683986802	
.	112	11	25	37	
.	112	20347605	53355001	683986802	
.	113	2	11	25	37	
.	113	2	20427518	53551512	683986802	
.	114	11	25	37	
.	114	20641097	54021439	683986802	
.	115	2	11	25	37	
.	115	57	20826160	54419735	683986802	
.	116	11	25	37	
.	116	21013379	54733697	683986802	
.	117	2	11	25	37	
.	117	18	21189927	55170855	683986802	
.	118	11	25	37	
.	118	21108289	54933793	683986802	
.	119	2	11	25	37	
.	119	5	21170754	54995292	683986802	
.	120	11	25	37	
.	120	21189699	55044068	683986802	
.	121	2	11	25	37	
.	121	118	21348961	55376531	683986802	
.	122	11	25	37	
.	122	21518139	55788451	683986802	
.	123	2	11	25	37	
.	123	223	21804838	56440251	683986802	
.	124	2	11	25	37	
.	124	12	21777846	56388263	683986802	
.	125	2	11	25	37	
.	125	45	21896675	56649324	683986802	
.	126	11	25	37	
.	126	21903387	56476259	683986802	
.	127	2	11	25	37	
.	127	151	22034591	56865049	683986802	
.	128	11	25	37	
.	128	22206622	57261338	683986802	
.	129	11	25	37	
.	129	21964466	56694339	683986802	
.	130	11	25	37	
.	130	21961933	56679980	683986802	
.	131	11	25	37	
.	131	22476886	57948750	683986802	
.	132	11	25	37	
.	132	23311930	59887623	683986802	
.	133	11	25	37	
.	133	22835137	58697660	683986802	
.	134	11	25	37	
.	134	22695158	58370971	683986802	
.	135	11	25	37	
.	135	22901262	58897426	683986802	
.	136	11	25	37	
.	136	23171595	59543919	683986802	
.	137	2	11	25	37	
.	137	3	23905976	61246584	683986802	
.	138	11	25	37	
.	138	23782253	60789820	683986802	
.	139	11	25	37	
.	139	23378969	59941893	683986802	
.	140	11	25	37	
.	140	24024141	61515597	683986802	
.	141	11	25	37	
.	141	24183266	61923026	683986802	
.	142	2	11	25	37	
.	142	323	24331333	62228836	683986802	
.	143	2	11	25	37	
.	143	24	24707806	63083059	683986802	
.	144	11	25	37	
.	144	25237717	64288440	683986802	
.	145	2	11	25	37	
.	145	46	30924916	79498170	683986802	
A	0	11	25	37	
A	0	1971077	7309060	214897768	
A	1	11	25	37	
A	1	2171431	8140865	202144746	
A	2	11	25	37	
A	2	2063870	7692029	190432416	
A	3	11	25	37	
A	3	2171593	8013566	183702736	
A	4	11	25	37	
A	4	2329713	8564428	188015224	
A	5	11	25	37	
A	5	2341140	8720891	189112067	
A	6	11	25	37	
A	6	2373043	8831826	185811130	
A	7	11	25	37	
A	7	2404097	8969637	183341775	
A	8	11	25	37	
A	8	2427100	9145128	187316667	
A	9	11	25	37	
A	9	2437849	9072178	186657161	
A	10	11	25	37	
A	10	2440235	9104555	187265893	
A	11	11	25	37	
A	11	2510820	9323577	188870636	
A	12	11	25	37	
A	12	2489682	9270415	188237540	
A	13	11	25	37	
A	13	2483091	9239836	188425665	
A	14	11	25	37	
A	14	2481714	9232002	188335160	
A	15	11	25	37	
A	15	2528631	9337535	187350023	
A	16	11	25	37	
A	16	2622872	9597177	187952627	
A	17	11	25	37	
A	17	2603602	9530635	187607416	
A	18	11	25	37	
A	18	2600350	9526391	188599203	
A	19	11	25	37	
A	19	2682252	9723615	188225663	
A	20	11	25	37	
A	20	2793173	9769199	187032235	
A	21	11	25	37	
A	21	2834192	9867245	187058239	
A	22	11	25	37	
A	22	2851256	9866816	186449714	
A	23	11	25	37	
A	23	2921565	10068356	187204831	
A	24	11	25	37	
A	24	2937028	10066769	185986655	
A	25	11	25	37	
A	25	2917885	9986305	185768644	
A	26	11	25	37	
A	26	2938785	10037969	185996871	
A	27	11	25	37	
A	27	3022441	10243331	185775922	
A	28	11	25	37	
A	28	3033201	10234808	185395677	
A	29	11	25	37	
A	29	3044938	10271416	185542177	
A	30	11	25	37	
A	30	3065319	10339139	185647299	
A	31	11	25	37	
A	31	3095836	10418388	185864692	
A	32	11	25	37	
A	32	3113152	10472509	185730623	
A	33	11	25	37	
A	33	3118550	10453039	185676238	
A	34	11	25	37	
A	34	3134081	10488322	186052062	
A	35	11	25	37	
A	35	3188939	10617303	186216591	
A	36	11	25	37	
A	36	3217535	10687124	186087065	
A	37	11	25	37	
A	37	3241057	10736180	186003120	
A	38	11	25	37	
A	38	3257949	10775020	186338494	
A	39	11	25	37	
A	39	3256814	10753983	186267700	
A	40	11	25	37	
A	40	3276989	10790211	185952303	
A	41	11	25	37	
A	41	3293727	10826722	185767697	
A	42	11	25	37	
A	42	3388011	11064684	185912483	
A	43	11	25	37	
A	43	3354023	10966309	185622734	
A	44	11	25	37	
A	44	3363544	10968968	185390932	
A	45	11	25	37	
A	45	3411560	11104300	185340355	
A	46	11	25	37	
A	46	3521582	11358547	185362916	
A	47	11	25	37	
A	47	3459349	11194143	185307695	
A	48	11	25	37	
A	48	3444477	11127628	185518337	
A	49	11	25	37	
A	49	3488171	11211671	185460130	
A	50	11	25	37	
A	50	3609314	11528574	185470417	
A	51	11	25	37	
A	51	3594585	11465744	185449697	
A	52	11	25	37	
A	52	3596095	11458754	185120064	
A	53	11	25	37	
A	53	3618847	11517642	184884258	
A	54	11	25	37	
A	54	3716451	11784951	185163363	
A	55	11	25	37	
A	55	3688553	11699823	185187077	
A	56	11	25	37	
A	56	3697771	11711679	185155234	
A	57	11	25	37	
A	57	3768197	11885390	185334909	
A	58	11	25	37	
A	58	3807917	11976402	185230904	
A	59	11	25	37	
A	59	3808199	11941669	185382979	
A	60	11	25	37	
A	60	3771448	11853014	185354506	
A	61	11	25	37	
A	61	3876492	12128698	185227968	
A	62	11	25	37	
A	62	3909233	12200778	185158393	
A	63	11	25	37	
A	63	3955581	12297408	185371985	
A	64	11	25	37	
A	64	3982575	12340769	185320289	
A	65	11	25	37	
A	65	4021131	12419729	185185497	
A	66	11	25	37	
A	66	4032286	12410315	184961059	
A	67	11	25	37	
A	67	4044214	12427712	185110398	
A	68	11	25	37	
A	68	4079191	12522081	185220014	
A	69	11	25	37	
A	69	4153610	12693139	185418168	
A	70	11	25	37	
A	70	4203126	12767408	185709540	
A	71	11	25	37	
A	71	4227270	12837390	185901845	
A	72	11	25	37	
A	72	4267797	12940562	185737319	
A	73	11	25	37	
A	73	4264552	12939415	185544783	
A	74	11	25	37	
A	74	4281022	12986530	185340471	
A	75	11	25	37	
A	75	4323480	13059418	185304202	
A	76	11	25	37	
A	76	4323970	13042374	185250598	
A	77	11	25	37	
A	77	4315573	12988770	185313565	
A	78	11	25	37	
A	78	4353915	13106948	185544387	
A	79	11	25	37	
A	79	4409602	13266869	185641619	
A	80	11	25	37	
A	80	4446464	13375232	185704986	
A	81	11	25	37	
A	81	4462446	13399448	185748481	
A	82	11	25	37	
A	82	4464544	13366230	185135204	
A	83	11	25	37	
A	83	4483860	13403346	185140826	
A	84	11	25	37	
A	84	4594975	13661100	185501452	
A	85	11	25	37	
A	85	4518591	13453529	185447512	
A	86	11	25	37	
A	86	4548150	13508637	185178815	
A	87	11	25	37	
A	87	4633734	13724167	185141194	
A	88	11	25	37	
A	88	4673740	13815700	185139236	
A	89	11	25	37	
A	89	4656963	13775372	185321036	
A	90	11	25	37	
A	90	4748309	13980574	185387207	
A	91	11	25	37	
A	91	4809941	14116908	185344031	
A	92	11	25	37	
A	92	4785301	14037145	185340120	
A	93	11	25	37	
A	93	4862644	14211440	185605767	
A	94	11	25	37	
A	94	4898061	14289480	185798135	
A	95	11	25	37	
A	95	4873028	14208476	185730436	
A	96	11	25	37	
A	96	4893585	14218297	185725018	
A	97	11	25	37	
A	97	4921996	14279100	185507473	
A	98	11	25	37	
A	98	4995874	14449229	185603155	
A	99	11	25	37	
A	99	5066167	14600819	185706312	
A	100	11	25	37	
A	100	4972362	14367790	185685062	
A	101	11	25	37	
A	101	5042096	14508759	185636047	
A	102	11	25	37	
A	102	5132542	14699373	185756870	
A	103	11	25	37	
A	103	5168389	14746030	185809056	
A	104	11	25	37	
A	104	5105538	14604956	185913478	
A	105	11	25	37	
A	105	5122679	14653657	185935872	
A	106	11	25	37	
A	106	5150728	14687523	185931071	
A	107	11	25	37	
A	107	5132155	14635696	185933708	
A	108	11	25	37	
A	108	5169793	14697989	185972052	
A	109	11	25	37	
A	109	5336205	15038638	185909328	
A	110	11	25	37	
A	110	5313624	14964638	185827163	
A	111	11	25	37	
A	111	5336136	15018183	185951544	
A	112	11	25	37	
A	112	5287247	14907372	186277047	
A	113	11	25	37	
A	113	5325990	14960424	186257492	
A	114	11	25	37	
A	114	5374067	15059730	186221672	
A	115	11	25	37	
A	115	5448981	15219583	186382014	
A	116	11	25	37	
A	116	5511439	15314711	186354176	
A	117	11	25	37	
A	117	5557476	15396092	186338348	
A	118	11	25	37	
A	118	5520513	15307211	186431404	
A	119	11	25	37	
A	119	5536389	15320361	186315564	
A	120	11	25	37	
A	120	5547541	15337161	186399576	
A	121	11	25	37	
A	121	5607325	15455754	186657085	
A	122	11	25	37	
A	122	5682809	15631879	186689047	
A	123	11	25	37	
A	123	5773640	15822216	186763138	
A	124	11	25	37	
A	124	5746414	15752023	186641424	
A	125	11	25	37	
A	125	5809400	15865557	186673406	
A	126	11	25	37	
A	126	5819945	15828348	186832984	
A	127	11	25	37	
A	127	5879766	15995425	187133391	
A	128	11	25	37	
A	128	5927776	16099386	187098149	
A	129	11	25	37	
A	129	5854732	15956013	187171496	
A	130	11	25	37	
A	130	5859522	15956226	187453708	
A	131	11	25	37	
A	131	6071415	16430323	187766714	
A	132	11	25	37	
A	132	6378145	17085487	187977480	
A	133	11	25	37	
A	133	6206251	16696734	188262066	
A	134	11	25	37	
A	134	6169220	16647362	188634317	
A	135	11	25	37	
A	135	6262661	16870716	189035512	
A	136	11	25	37	
A	136	6354719	17069215	189150512	
A	137	11	25	37	
A	137	6628944	17640107	189274067	
A	138	11	25	37	
A	138	6605694	17553729	189563922	
A	139	11	25	37	
A	139	6506440	17382468	190026281	
A	140	11	25	37	
A	140	6751431	17928855	190453429	
A	141	11	25	37	
A	141	6824930	18126024	190913662	
A	142	11	25	37	
A	142	6878539	18238832	191241208	
A	143	11	25	37	
A	143	7012996	18517650	191619618	
A	144	11	25	37	
A	144	7206397	18924345	191856660	
A	145	11	25	37	
A	145	9004299	23297358	192254519	
T	0	11	25	37	
T	0	3658920	9503089	157384274	
T	1	11	25	37	
T	1	4121559	10930551	172196839	
T	2	11	25	37	
T	2	3881375	10586771	177138617	
T	3	11	25	37	
T	3	4129294	11120897	175568051	
T	4	11	25	37	
T	4	3972982	10978245	178167396	
T	5	11	25	37	
T	5	3811632	10723245	179406943	
T	6	11	25	37	
T	6	4187833	11651330	183389448	
T	7	11	25	37	
T	7	4429817	12305481	186292644	
T	8	11	25	37	
T	8	4308975	12048747	182580299	
T	9	11	25	37	
T	9	4217333	11877216	182952092	
T	10	11	25	37	
T	10	4194260	11901589	184236434	
T	11	11	25	37	
T	11	4213502	11994791	185250243	
T	12	11	25	37	
T	12	4237063	12102442	186244364	
T	13	11	25	37	
T	13	4203178	12027397	185385272	
T	14	11	25	37	
T	14	4273698	12200273	186711875	
T	15	11	25	37	
T	15	4281699	12245915	187588230	
T	16	11	25	37	
T	16	4359306	12431073	185802734	
T	17	11	25	37	
T	17	4389112	12525059	185969948	
T	18	11	25	37	
T	18	4374743	12476616	185184430	
T	19	11	25	37	
T	19	4471982	12742148	185794590	
T	20	11	25	37	
T	20	4708981	12967579	186182794	
T	21	11	25	37	
T	21	4718863	12980298	185960723	
T	22	11	25	37	
T	22	4803823	13161412	186515854	
T	23	11	25	37	
T	23	4817017	13177293	184390000	
T	24	11	25	37	
T	24	4839923	13206115	183975501	
T	25	11	25	37	
T	25	4819994	13148515	184250919	
T	26	11	25	37	
T	26	4837451	13203805	184552347	
T	27	11	25	37	
T	27	4932935	13436670	185578343	
T	28	11	25	37	
T	28	4970285	13548496	186570472	
T	29	11	25	37	
T	29	4970738	13519625	185655763	
T	30	11	25	37	
T	30	5020849	13646543	186572858	
T	31	11	25	37	
T	31	5027718	13647492	185529565	
T	32	11	25	37	
T	32	5010533	13610042	184650239	
T	33	11	25	37	
T	33	5027772	13634129	185225355	
T	34	11	25	37	
T	34	5005977	13560814	184382312	
T	35	11	25	37	
T	35	5047520	13657812	184168321	
T	36	11	25	37	
T	36	5096198	13773699	184137844	
T	37	11	25	37	
T	37	5120424	13828430	184424716	
T	38	11	25	37	
T	38	5132531	13841164	184299529	
T	39	11	25	37	
T	39	5107503	13766323	183832066	
T	40	11	25	37	
T	40	5119537	13803107	183647888	
T	41	11	25	37	
T	41	5155830	13892130	183884722	
T	42	11	25	37	
T	42	5216686	14028068	183877874	
T	43	11	25	37	
T	43	5203053	13982409	183895967	
T	44	11	25	37	
T	44	5199393	13977066	183672588	
T	45	11	25	37	
T	45	5230295	14042632	183613730	
T	46	11	25	37	
T	46	5365303	14356788	184059369	
T	47	11	25	37	
T	47	5325494	14259083	183801058	
T	48	11	25	37	
T	48	5331862	14231061	183710107	
T	49	11	25	37	
T	49	5379427	14339747	183620067	
T	50	11	25	37	
T	50	5443320	14516720	183478206	
T	51	11	25	37	
T	51	5432665	14490825	183800904	
T	52	11	25	37	
T	52	5467554	14554116	184347433	
T	53	11	25	37	
T	53	5429427	14489245	184205185	
T	54	11	25	37	
T	54	5530012	14705899	183502562	
T	55	11	25	37	
T	55	5534373	14719181	183738037	
T	56	11	25	37	
T	56	5508917	14647822	184101214	
T	57	11	25	37	
T	57	5547565	14721024	183877679	
T	58	11	25	37	
T	58	5584444	14823825	183623910	
T	59	11	25	37	
T	59	5610151	14864856	183729030	
T	60	11	25	37	
T	60	5584289	14794198	183644769	
T	61	11	25	37	
T	61	5676655	14994334	183592752	
T	62	11	25	37	
T	62	5686225	15038101	183535717	
T	63	11	25	37	
T	63	5747264	15177758	183557344	
T	64	11	25	37	
T	64	5787003	15246572	183435965	
T	65	11	25	37	
T	65	5772454	15228384	183382159	
T	66	11	25	37	
T	66	5790109	15214150	183656887	
T	67	11	25	37	
T	67	5761139	15161124	183788418	
T	68	11	25	37	
T	68	5767551	15198737	183435194	
T	69	11	25	37	
T	69	5799326	15278679	183115037	
T	70	11	25	37	
T	70	5815914	15288309	182950045	
T	71	11	25	37	
T	71	5822219	15327409	183096691	
T	72	11	25	37	
T	72	5855023	15402709	183163484	
T	73	11	25	37	
T	73	5837069	15356481	183073469	
T	74	11	25	37	
T	74	5882371	15456792	183109666	
T	75	11	25	37	
T	75	5915840	15531206	183373557	
T	76	11	25	37	
T	76	5912438	15525209	183477956	
T	77	11	25	37	
T	77	5856249	15384596	183155293	
T	78	11	25	37	
T	78	5876595	15401518	183000244	
T	79	11	25	37	
T	79	5960972	15591534	183008369	
T	80	11	25	37	
T	80	6009630	15721452	182907873	
T	81	11	25	37	
T	81	6012905	15732149	182935546	
T	82	11	25	37	
T	82	6029598	15767920	183028549	
T	83	11	25	37	
T	83	6028167	15771446	183041306	
T	84	11	25	37	
T	84	6120387	15984107	183160623	
T	85	11	25	37	
T	85	6034060	15789262	182949859	
T	86	11	25	37	
T	86	6050713	15826930	183186347	
T	87	11	25	37	
T	87	6149593	16050362	183214394	
T	88	11	25	37	
T	88	6159208	16046921	182911673	
T	89	11	25	37	
T	89	6118674	15956396	183120918	
T	90	11	25	37	
T	90	6193234	16119174	183139391	
T	91	11	25	37	
T	91	6242916	16240561	182837924	
T	92	11	25	37	
T	92	6186626	16115790	182860838	
T	93	11	25	37	
T	93	6241703	16237304	182841550	
T	94	11	25	37	
T	94	6273734	16298472	182575023	
T	95	11	25	37	
T	95	6223889	16181935	182490540	
T	96	11	25	37	
T	96	6215621	16173678	182788918	
T	97	11	25	37	
T	97	6246467	16251536	182671140	
T	98	11	25	37	
T	98	6306362	16371129	182589625	
T	99	11	25	37	
T	99	6359970	16496532	182494864	
T	100	11	25	37	
T	100	6258728	16251341	182598294	
T	101	11	25	37	
T	101	6299682	16348215	182598197	
T	102	11	25	37	
T	102	6375267	16519865	182603438	
T	103	11	25	37	
T	103	6416295	16602563	182565821	
T	104	11	25	37	
T	104	6320368	16386402	182416387	
T	105	11	25	37	
T	105	6341562	16426179	182340831	
T	106	11	25	37	
T	106	6365634	16486438	182489404	
T	107	11	25	37	
T	107	6338236	16423541	182540831	
T	108	11	25	37	
T	108	6351187	16462154	182438014	
T	109	11	25	37	
T	109	6501266	16778346	182314493	
T	110	11	25	37	
T	110	6468607	16687452	182299914	
T	111	11	25	37	
T	111	6491023	16724773	182243997	
T	112	11	25	37	
T	112	6416770	16571651	182160240	
T	113	11	25	37	
T	113	6406576	16561771	182180700	
T	114	11	25	37	
T	114	6475257	16717553	182225843	
T	115	11	25	37	
T	115	6517377	16825327	182309656	
T	116	11	25	37	
T	116	6553555	16868174	182246871	
T	117	11	25	37	
T	117	6594631	16974490	182318835	
T	118	11	25	37	
T	118	6561416	16878045	182353127	
T	119	11	25	37	
T	119	6557201	16855571	182384961	
T	120	11	25	37	
T	120	6550532	16823225	182110899	
T	121	11	25	37	
T	121	6566170	16850283	182009081	
T	122	11	25	37	
T	122	6613413	16965470	181895386	
T	123	11	25	37	
T	123	6692319	17144484	181964980	
T	124	11	25	37	
T	124	6671694	17098902	181912227	
T	125	11	25	37	
T	125	6683994	17108026	181973084	
T	126	11	25	37	
T	126	6645785	16967940	181824311	
T	127	11	25	37	
T	127	6665148	17044926	181749897	
T	128	11	25	37	
T	128	6718043	17145807	181700596	
T	129	11	25	37	
T	129	6626854	16924393	181526550	
T	130	11	25	37	
T	130	6600134	16844829	181187333	
T	131	11	25	37	
T	131	6703028	17111770	181007379	
T	132	11	25	37	
T	132	6906318	17563697	180662388	
T	133	11	25	37	
T	133	6758601	17163873	180420898	
T	134	11	25	37	
T	134	6683150	16992097	180081481	
T	135	11	25	37	
T	135	6711270	17052196	179846015	
T	136	11	25	37	
T	136	6767437	17189328	179782388	
T	137	11	25	37	
T	137	6924048	17540833	179465616	
T	138	11	25	37	
T	138	6860641	17347341	179128602	
T	139	11	25	37	
T	139	6694475	16962649	178657918	
T	140	11	25	37	
T	140	6809269	17235095	178152865	
T	141	11	25	37	
T	141	6804697	17216262	177545595	
T	142	11	25	37	
T	142	6812818	17218259	177122211	
T	143	11	25	37	
T	143	6857768	17313085	176670820	
T	144	11	25	37	
T	144	6936170	17476310	176159048	
T	145	11	25	37	
T	145	8114785	21097789	175420397	
G	0	11	25	37	
G	0	3380479	9358422	171472041	
G	1	11	25	37	
G	1	3483510	9848882	166704699	
G	2	11	25	37	
G	2	3288131	9381784	170869152	
G	3	11	25	37	
G	3	3406894	9620854	170742494	
G	4	11	25	37	
G	4	3073132	8822558	162581295	
G	5	11	25	37	
G	5	2999080	8680476	162092239	
G	6	11	25	37	
G	6	3136789	8857307	161726889	
G	7	11	25	37	
G	7	3082707	8675683	158099632	
G	8	11	25	37	
G	8	3062142	8668739	158916332	
G	9	11	25	37	
G	9	3015096	8555436	159949196	
G	10	11	25	37	
G	10	2937240	8359765	157764002	
G	11	11	25	37	
G	11	2919883	8317454	156743842	
G	12	11	25	37	
G	12	2903140	8277007	156561750	
G	13	11	25	37	
G	13	2906651	8298038	156650730	
G	14	11	25	37	
G	14	2910760	8297098	156747379	
G	15	11	25	37	
G	15	2911872	8289208	156059928	
G	16	11	25	37	
G	16	3006954	8502276	156028185	
G	17	11	25	37	
G	17	3025620	8567491	156392476	
G	18	11	25	37	
G	18	3059382	8650848	157081868	
G	19	11	25	37	
G	19	3108705	8768027	156908286	
G	20	11	25	37	
G	20	3243981	8901267	156887758	
G	21	11	25	37	
G	21	3271956	8962927	156872002	
G	22	11	25	37	
G	22	3300775	9009001	157144600	
G	23	11	25	37	
G	23	3372025	9201219	158753813	
G	24	11	25	37	
G	24	3404782	9263634	159807085	
G	25	11	25	37	
G	25	3383698	9207148	159206365	
G	26	11	25	37	
G	26	3374803	9158549	157915245	
G	27	11	25	37	
G	27	3396274	9195165	156596083	
G	28	11	25	37	
G	28	3401868	9195951	156723256	
G	29	11	25	37	
G	29	3429992	9250541	157054324	
G	30	11	25	37	
G	30	3448579	9293454	157258009	
G	31	11	25	37	
G	31	3465857	9346599	157486749	
G	32	11	25	37	
G	32	3479695	9372700	157778941	
G	33	11	25	37	
G	33	3493540	9391736	157932422	
G	34	11	25	37	
G	34	3507342	9417733	158033741	
G	35	11	25	37	
G	35	3529967	9476617	158247958	
G	36	11	25	37	
G	36	3550214	9516633	158343968	
G	37	11	25	37	
G	37	3559881	9527289	158024556	
G	38	11	25	37	
G	38	3583958	9566641	158059959	
G	39	11	25	37	
G	39	3587720	9572650	158329183	
G	40	11	25	37	
G	40	3581682	9569925	158553902	
G	41	11	25	37	
G	41	3608198	9620053	158577145	
G	42	11	25	37	
G	42	3669693	9759649	158680158	
G	43	11	25	37	
G	43	3636653	9691582	158709474	
G	44	11	25	37	
G	44	3644175	9697272	158706171	
G	45	11	25	37	
G	45	3663025	9730277	158677388	
G	46	11	25	37	
G	46	3737128	9898902	158574591	
G	47	11	25	37	
G	47	3705484	9806030	158851176	
G	48	11	25	37	
G	48	3712551	9785954	158709484	
G	49	11	25	37	
G	49	3750763	9872858	158814123	
G	50	11	25	37	
G	50	3787208	9990393	158857694	
G	51	11	25	37	
G	51	3786872	9957058	158819520	
G	52	11	25	37	
G	52	3790889	9953800	158557882	
G	53	11	25	37	
G	53	3771748	9910255	158857651	
G	54	11	25	37	
G	54	3868121	10126862	159251132	
G	55	11	25	37	
G	55	3855627	10081976	158840815	
G	56	11	25	37	
G	56	3842137	10048858	158413470	
G	57	11	25	37	
G	57	3882268	10128463	158392562	
G	58	11	25	37	
G	58	3906764	10170085	158440722	
G	59	11	25	37	
G	59	3927989	10200686	158324994	
G	60	11	25	37	
G	60	3924113	10182911	158505895	
G	61	11	25	37	
G	61	3989115	10338437	158570213	
G	62	11	25	37	
G	62	3998494	10341456	158584853	
G	63	11	25	37	
G	63	4016546	10384240	158273147	
G	64	11	25	37	
G	64	4035065	10426565	158276024	
G	65	11	25	37	
G	65	4048604	10452173	158412777	
G	66	11	25	37	
G	66	4079392	10500415	158356684	
G	67	11	25	37	
G	67	4056885	10451998	158082211	
G	68	11	25	37	
G	68	4065371	10478715	158343779	
G	69	11	25	37	
G	69	4083018	10509481	158561996	
G	70	11	25	37	
G	70	4073840	10478711	158062893	
G	71	11	25	37	
G	71	4076559	10488479	157963800	
G	72	11	25	37	
G	72	4121903	10573923	158221704	
G	73	11	25	37	
G	73	4123194	10546008	158355535	
G	74	11	25	37	
G	74	4166276	10628633	158301079	
G	75	11	25	37	
G	75	4163754	10652834	158143265	
G	76	11	25	37	
G	76	4143794	10634922	158268584	
G	77	11	25	37	
G	77	4130083	10567905	158426317	
G	78	11	25	37	
G	78	4161041	10616977	158235001	
G	79	11	25	37	
G	79	4202035	10730019	158404487	
G	80	11	25	37	
G	80	4232066	10816899	158665943	
G	81	11	25	37	
G	81	4240362	10815753	158488648	
G	82	11	25	37	
G	82	4270005	10878095	158677211	
G	83	11	25	37	
G	83	4278478	10881283	158455267	
G	84	11	25	37	
G	84	4375585	11111565	158356532	
G	85	11	25	37	
G	85	4318524	10970895	158565531	
G	86	11	25	37	
G	86	4341689	11018545	158458118	
G	87	11	25	37	
G	87	4414037	11174427	158411889	
G	88	11	25	37	
G	88	4427175	11203343	158517027	
G	89	11	25	37	
G	89	4402032	11126221	158406631	
G	90	11	25	37	
G	90	4474474	11292729	158737194	
G	91	11	25	37	
G	91	4532155	11451257	158787804	
G	92	11	25	37	
G	92	4512792	11379109	158541635	
G	93	11	25	37	
G	93	4563725	11479814	158452752	
G	94	11	25	37	
G	94	4598572	11571589	158351138	
G	95	11	25	37	
G	95	4596012	11570570	158247298	
G	96	11	25	37	
G	96	4631365	11617561	158211779	
G	97	11	25	37	
G	97	4672697	11720016	158569912	
G	98	11	25	37	
G	98	4724384	11844679	158649547	
G	99	11	25	37	
G	99	4786139	12002887	158658627	
G	100	11	25	37	
G	100	4719518	11797598	158391568	
G	101	11	25	37	
G	101	4779682	11933261	158456293	
G	102	11	25	37	
G	102	4843051	12086775	158382315	
G	103	11	25	37	
G	103	4895608	12215640	158265656	
G	104	11	25	37	
G	104	4851757	12090912	158372573	
G	105	11	25	37	
G	105	4882260	12144919	158370922	
G	106	11	25	37	
G	106	4913403	12224255	158347996	
G	107	11	25	37	
G	107	4920886	12243014	158396624	
G	108	11	25	37	
G	108	4954869	12323308	158407706	
G	109	11	25	37	
G	109	5107902	12677471	158461686	
G	110	11	25	37	
G	110	5086338	12598082	158553636	
G	111	11	25	37	
G	111	5141620	12746519	158669006	
G	112	11	25	37	
G	112	5105553	12629496	158456539	
G	113	11	25	37	
G	113	5148899	12735169	158594015	
G	114	11	25	37	
G	114	5222577	12923751	158636434	
G	115	11	25	37	
G	115	5274517	13033622	158464172	
G	116	11	25	37	
G	116	5322584	13123615	158569575	
G	117	11	25	37	
G	117	5400005	13342948	158638818	
G	118	11	25	37	
G	118	5395589	13334935	158684165	
G	119	11	25	37	
G	119	5433743	13390096	158533408	
G	120	11	25	37	
G	120	5439357	13437515	158650643	
G	121	11	25	37	
G	121	5498120	13580249	158566178	
G	122	11	25	37	
G	122	5525461	13664344	158535712	
G	123	11	25	37	
G	123	5623954	13915634	158257644	
G	124	11	25	37	
G	124	5629856	13942864	158244885	
G	125	11	25	37	
G	125	5680243	14104651	158385265	
G	126	11	25	37	
G	126	5726254	14163860	158285515	
G	127	11	25	37	
G	127	5753535	14256870	158015122	
G	128	11	25	37	
G	128	5810784	14441664	158319609	
G	129	11	25	37	
G	129	5766988	14324565	158473463	
G	130	11	25	37	
G	130	5789460	14399186	158547784	
G	131	11	25	37	
G	131	5925055	14772724	158592841	
G	132	11	25	37	
G	132	6200065	15506610	158698305	
G	133	11	25	37	
G	133	6075792	15189865	158815883	
G	134	11	25	37	
G	134	6070433	15164787	159089031	
G	135	11	25	37	
G	135	6138307	15362565	159121604	
G	136	11	25	37	
G	136	6224105	15599121	159091875	
G	137	11	25	37	
G	137	6465093	16233647	159433264	
G	138	11	25	37	
G	138	6476847	16211415	159830222	
G	139	11	25	37	
G	139	6383897	16000292	159952131	
G	140	11	25	37	
G	140	6619415	16652878	160113170	
G	141	11	25	37	
G	141	6720755	16916199	160431395	
G	142	11	25	37	
G	142	6767233	17020028	160732974	
G	143	11	25	37	
G	143	6915541	17386662	161193823	
G	144	11	25	37	
G	144	7147773	17958958	161763551	
G	145	11	25	37	
G	145	8976351	22808282	162144174	
C	0	11	25	37	
C	0	1971064	5382458	140232054	
C	1	11	25	37	
C	1	1882912	5415015	142939869	
C	2	11	25	37	
C	2	1717223	5078003	145546617	
C	3	11	25	37	
C	3	1837708	5444351	153973521	
C	4	11	25	37	
C	4	1854777	5531276	155222887	
C	5	11	25	37	
C	5	1780028	5391076	153375553	
C	6	11	25	37	
C	6	1898998	5641900	153059335	
C	7	11	25	37	
C	7	2049131	6049155	156252751	
C	8	11	25	37	
C	8	2051458	6096518	155172885	
C	9	11	25	37	
C	9	1979262	5918677	154426613	
C	10	11	25	37	
C	10	1922782	5806980	154720473	
C	11	11	25	37	
C	11	1900181	5749861	153122081	
C	12	11	25	37	
C	12	1929000	5814988	152943148	
C	13	11	25	37	
C	13	1950850	5894745	153525135	
C	14	11	25	37	
C	14	1956533	5890763	152192388	
C	15	11	25	37	
C	15	1976719	5958623	152988621	
C	16	11	25	37	
C	16	2026366	6090879	154203256	
C	17	11	25	37	
C	17	2047745	6145690	154016962	
C	18	11	25	37	
C	18	2049613	6152497	153112190	
C	19	11	25	37	
C	19	2089064	6236521	153058263	
C	20	11	25	37	
C	20	2226245	6435903	153884015	
C	21	11	25	37	
C	21	2248335	6491291	154095838	
C	22	11	25	37	
C	22	2267240	6523477	153876634	
C	23	11	25	37	
C	23	2294872	6579931	153633404	
C	24	11	25	37	
C	24	2297592	6581114	154217561	
C	25	11	25	37	
C	25	2306781	6617958	154759596	
C	26	11	25	37	
C	26	2339135	6698649	155521182	
C	27	11	25	37	
C	27	2374849	6779412	156035958	
C	28	11	25	37	
C	28	2382965	6781589	155297397	
C	29	11	25	37	
C	29	2395508	6812032	155734538	
C	30	11	25	37	
C	30	2384979	6772316	154508636	
C	31	11	25	37	
C	31	2409488	6849776	155105782	
C	32	11	25	37	
C	32	2429784	6899214	155826999	
C	33	11	25	37	
C	33	2428024	6881114	155152046	
C	34	11	25	37	
C	34	2452928	6935567	155518684	
C	35	11	25	37	
C	35	2460723	6955433	155353904	
C	36	11	25	37	
C	36	2467027	6962080	155417922	
C	37	11	25	37	
C	37	2486819	7013145	155534410	
C	38	11	25	37	
C	38	2501125	7037354	155288820	
C	39	11	25	37	
C	39	2504835	7046952	155557853	
C	40	11	25	37	
C	40	2530920	7109890	155832709	
C	41	11	25	37	
C	41	2542986	7128734	155756918	
C	42	11	25	37	
C	42	2545816	7129502	155514917	
C	43	11	25	37	
C	43	2562426	7178286	155756895	
C	44	11	25	37	
C	44	2573474	7211917	156216628	
C	45	11	25	37	
C	45	2589039	7238130	156355257	
C	46	11	25	37	
C	46	2643012	7348427	155989926	
C	47	11	25	37	
C	47	2631474	7319204	156026873	
C	48	11	25	37	
C	48	2622100	7291033	156048874	
C	49	11	25	37	
C	49	2656617	7361059	156092482	
C	50	11	25	37	
C	50	2692916	7446099	156180485	
C	51	11	25	37	
C	51	2688335	7444820	155916681	
C	52	11	25	37	
C	52	2687172	7436549	155961423	
C	53	11	25	37	
C	53	2690163	7450939	156039708	
C	54	11	25	37	
C	54	2743557	7571861	156069745	
C	55	11	25	37	
C	55	2771298	7618759	156220873	
C	56	11	25	37	
C	56	2787905	7641431	156316884	
C	57	11	25	37	
C	57	2784788	7666530	156381652	
C	58	11	25	37	
C	58	2802341	7703335	156691253	
C	59	11	25	37	
C	59	2812258	7692099	156549799	
C	60	11	25	37	
C	60	2809267	7685989	156481632	
C	61	11	25	37	
C	61	2828700	7747856	156595869	
C	62	11	25	37	
C	62	2870744	7834231	156707839	
C	63	11	25	37	
C	63	2888278	7873011	156784326	
C	64	11	25	37	
C	64	2889345	7884450	156954524	
C	65	11	25	37	
C	65	2909475	7918523	157006369	
C	66	11	25	37	
C	66	2905004	7911169	157012110	
C	67	11	25	37	
C	67	2895063	7932700	157005775	
C	68	11	25	37	
C	68	2908884	7955549	156987815	
C	69	11	25	37	
C	69	2927759	7986570	156891601	
C	70	11	25	37	
C	70	2959562	8056368	157264324	
C	71	11	25	37	
C	71	2970605	8093578	157024466	
C	72	11	25	37	
C	72	2957641	8051606	156864233	
C	73	11	25	37	
C	73	2958642	8060610	157013015	
C	74	11	25	37	
C	74	2988963	8138504	157235523	
C	75	11	25	37	
C	75	2995326	8153822	157165778	
C	76	11	25	37	
C	76	2992461	8132587	156989664	
C	77	11	25	37	
C	77	2970747	8062200	157091627	
C	78	11	25	37	
C	78	3004085	8152817	157207170	
C	79	11	25	37	
C	79	3063320	8304765	156932327	
C	80	11	25	37	
C	80	3069628	8313299	156708000	
C	81	11	25	37	
C	81	3089431	8356875	156814127	
C	82	11	25	37	
C	82	3103196	8392685	157145838	
C	83	11	25	37	
C	83	3132356	8469342	157349403	
C	84	11	25	37	
C	84	3142219	8483608	156968195	
C	85	11	25	37	
C	85	3134676	8454490	157023900	
C	86	11	25	37	
C	86	3155581	8512393	157163522	
C	87	11	25	37	
C	87	3192281	8594499	157219325	
C	88	11	25	37	
C	88	3199827	8612101	157418866	
C	89	11	25	37	
C	89	3199938	8611048	157138217	
C	90	11	25	37	
C	90	3225237	8667946	156723010	
C	91	11	25	37	
C	91	3240689	8700306	157016744	
C	92	11	25	37	
C	92	3257159	8725334	157244209	
C	93	11	25	37	
C	93	3285069	8785870	157086733	
C	94	11	25	37	
C	94	3302314	8836687	157262506	
C	95	11	25	37	
C	95	3301420	8841909	157518528	
C	96	11	25	37	
C	96	3319674	8879097	157261087	
C	97	11	25	37	
C	97	3331057	8880979	157238277	
C	98	11	25	37	
C	98	3367108	8968106	157144475	
C	99	11	25	37	
C	99	3368371	8957316	157126999	
C	100	11	25	37	
C	100	3357043	8929322	157311878	
C	101	11	25	37	
C	101	3405822	9036698	157296265	
C	102	11	25	37	
C	102	3445638	9138858	157244179	
C	103	11	25	37	
C	103	3464043	9163355	157346269	
C	104	11	25	37	
C	104	3431745	9084879	157284364	
C	105	11	25	37	
C	105	3433651	9091429	157339174	
C	106	11	25	37	
C	106	3452502	9125530	157218060	
C	107	11	25	37	
C	107	3434651	9079810	157115146	
C	108	11	25	37	
C	108	3472379	9173759	157169030	
C	109	11	25	37	
C	109	3542330	9295883	157301295	
C	110	11	25	37	
C	110	3548783	9304975	157306089	
C	111	11	25	37	
C	111	3556419	9299343	157122250	
C	112	11	25	37	
C	112	3538035	9246482	157092976	
C	113	11	25	37	
C	113	3546051	9294146	156954593	
C	114	11	25	37	
C	114	3569196	9320405	156902853	
C	115	11	25	37	
C	115	3585228	9341146	156830903	
C	116	11	25	37	
C	116	3625801	9427197	156816180	
C	117	11	25	37	
C	117	3637797	9457307	156690783	
C	118	11	25	37	
C	118	3630771	9413602	156518106	
C	119	11	25	37	
C	119	3643416	9429259	156752864	
C	120	11	25	37	
C	120	3652269	9446167	156825684	
C	121	11	25	37	
C	121	3677228	9490127	156754340	
C	122	11	25	37	
C	122	3696456	9526758	156866657	
C	123	11	25	37	
C	123	3714702	9557694	157000817	
C	124	11	25	37	
C	124	3729870	9594462	157188254	
C	125	11	25	37	
C	125	3722993	9571045	156955002	
C	126	11	25	37	
C	126	3711403	9516111	157043992	
C	127	11	25	37	
C	127	3735991	9567677	157088241	
C	128	11	25	37	
C	128	3750019	9574481	156868448	
C	129	11	25	37	
C	129	3715892	9489368	156815293	
C	130	11	25	37	
C	130	3712817	9479739	156797977	
C	131	11	25	37	
C	131	3777388	9633933	156619868	
C	132	11	25	37	
C	132	3827402	9731829	156648629	
C	133	11	25	37	
C	133	3794493	9647188	156487955	
C	134	11	25	37	
C	134	3772355	9566725	156181973	
C	135	11	25	37	
C	135	3789024	9611949	155983671	
C	136	11	25	37	
C	136	3825334	9686255	155962027	
C	137	11	25	37	
C	137	3887888	9831994	155813852	
C	138	11	25	37	
C	138	3839071	9677335	155464056	
C	139	11	25	37	
C	139	3794157	9596484	155350472	
C	140	11	25	37	
C	140	3844026	9698769	155267338	
C	141	11	25	37	
C	141	3832884	9664541	155096150	
C	142	11	25	37	
C	142	3872420	9751394	154890086	
C	143	11	25	37	
C	143	3921477	9865638	154502517	
C	144	11	25	37	
C	144	3947377	9928827	154207543	
C	145	11	25	37	
C	145	4829435	12294695	154167666	
N	0	2	
N	0	665	
N	1	2	
N	1	649	
N	2	
N	2	
N	3	
N	3	
N	4	
N	4	
N	5	
N	5	
N	6	
N	6	
N	7	
N	7	
N	8	2	
N	8	619	
N	9	2	
N	9	1740	
N	10	
N	10	
N	11	
N	11	
N	12	
N	12	
N	13	
N	13	
N	14	
N	14	
N	15	
N	15	
N	16	
N	16	
N	17	
N	17	
N	18	2	
N	18	9111	
N	19	
N	19	
N	20	
N	20	
N	21	
N	21	
N	22	
N	22	
N	23	2	
N	23	4754	
N	24	
N	24	
N	25	2	
N	25	1278	
N	26	2	
N	26	1157	
N	27	2	
N	27	496	
N	28	
N	28	
N	29	
N	29	
N	30	
N	30	
N	31	2	
N	31	14	
N	32	
N	32	
N	33	2	
N	33	741	
N	34	2	
N	34	3	
N	35	2	
N	35	28	
N	36	2	
N	36	3	
N	37	
N	37	
N	38	
N	38	
N	39	
N	39	
N	40	
N	40	
N	41	2	
N	41	320	
N	42	2	
N	42	1370	
N	43	2	
N	43	1732	
N	44	2	
N	44	483	
N	45	2	
N	45	72	
N	46	
N	46	
N	47	
N	47	
N	48	
N	48	
N	49	
N	49	
N	50	
N	50	
N	51	
N	51	
N	52	
N	52	
N	53	
N	53	
N	54	
N	54	
N	55	
N	55	
N	56	
N	56	
N	57	
N	57	
N	58	2	
N	58	13	
N	59	
N	59	
N	60	
N	60	
N	61	
N	61	
N	62	
N	62	
N	63	
N	63	
N	64	
N	64	
N	65	
N	65	
N	66	2	
N	66	62	
N	67	
N	67	
N	68	
N	68	
N	69	
N	69	
N	70	
N	70	
N	71	
N	71	
N	72	2	
N	72	62	
N	73	
N	73	
N	74	2	
N	74	63	
N	75	
N	75	
N	76	
N	76	
N	77	
N	77	
N	78	
N	78	
N	79	
N	79	
N	80	
N	80	
N	81	
N	81	
N	82	
N	82	
N	83	
N	83	
N	84	
N	84	
N	85	
N	85	
N	86	
N	86	
N	87	
N	87	
N	88	
N	88	
N	89	
N	89	
N	90	
N	90	
N	91	2	
N	91	299	
N	92	
N	92	
N	93	
N	93	
N	94	
N	94	
N	95	
N	95	
N	96	
N	96	
N	97	
N	97	
N	98	
N	98	
N	99	
N	99	
N	100	
N	100	
N	101	
N	101	
N	102	
N	102	
N	103	
N	103	
N	104	
N	104	
N	105	2	
N	105	3	
N	106	2	
N	106	271	
N	107	2	
N	107	493	
N	108	
N	108	
N	109	
N	109	
N	110	
N	110	
N	111	2	
N	111	5	
N	112	
N	112	
N	113	2	
N	113	2	
N	114	
N	114	
N	115	2	
N	115	57	
N	116	
N	116	
N	117	2	
N	117	18	
N	118	
N	118	
N	119	2	
N	119	5	
N	120	
N	120	
N	121	2	
N	121	118	
N	122	
N	122	
N	123	2	
N	123	223	
N	124	2	
N	124	12	
N	125	2	
N	125	45	
N	126	
N	126	
N	127	2	
N	127	151	
N	128	
N	128	
N	129	
N	129	
N	130	
N	130	
N	131	
N	131	
N	132	
N	132	
N	133	
N	133	
N	134	
N	134	
N	135	
N	135	
N	136	
N	136	
N	137	2	
N	137	3	
N	138	
N	138	
N	139	
N	139	
N	140	
N	140	
N	141	
N	141	
N	142	2	
N	142	323	
N	143	2	
N	143	24	
N	144	
N	144	
N	145	2	
N	145	46	
