.	0	11	25	37	
.	0	6192282	17509602	341993401	
.	1	11	25	37	
.	1	6702610	19085896	341993401	
.	2	11	25	37	
.	2	6361462	18214277	341993401	
.	3	11	25	37	
.	3	6709396	19023824	341993401	
.	4	11	25	37	
.	4	6616247	18872069	341993401	
.	5	11	25	37	
.	5	6474064	18682235	341993401	
.	6	11	25	37	
.	6	6826293	19413505	341993401	
.	7	11	25	37	
.	7	7110696	20070450	341993401	
.	8	11	25	37	
.	8	6992428	19862624	341993401	
.	9	11	25	37	
.	9	6873303	19520030	341993401	
.	10	11	25	37	
.	10	6763212	19299489	341993401	
.	11	11	25	37	
.	11	6828151	19478239	341993401	
.	12	11	25	37	
.	12	6760700	19311973	341993401	
.	13	11	25	37	
.	13	6776685	19350943	341993401	
.	14	11	25	37	
.	14	6791058	19348232	341993401	
.	15	11	25	37	
.	15	6869829	19578684	341993401	
.	16	11	25	37	
.	16	7105533	20132679	341993401	
.	17	11	25	37	
.	17	7051825	20019474	341993401	
.	18	11	25	37	
.	18	7018902	19956094	341993401	
.	19	11	25	37	
.	19	7219278	20461584	341993401	
.	20	11	25	37	
.	20	7252900	20526945	341993401	
.	21	11	25	37	
.	21	7260280	20557049	341993401	
.	22	11	25	37	
.	22	7328401	20641561	341993401	
.	23	2	11	25	37	
.	23	4	7469038	21027569	341993401	
.	24	11	25	37	
.	24	7513100	21089646	341993401	
.	25	2	11	25	37	
.	25	1278	7431867	20857258	341993401	
.	26	11	25	37	
.	26	7477739	20958318	341993401	
.	27	2	11	25	37	
.	27	496	7689408	21483705	341993401	
.	28	11	25	37	
.	28	7710628	21521963	341993401	
.	29	11	25	37	
.	29	7717730	21516862	341993401	
.	30	11	25	37	
.	30	7762946	21641568	341993401	
.	31	11	25	37	
.	31	7827072	21825487	341993401	
.	32	11	25	37	
.	32	7827532	21844011	341993401	
.	33	11	25	37	
.	33	7831276	21802866	341993401	
.	34	11	25	37	
.	34	7805379	21716112	341993401	
.	35	11	25	37	
.	35	7934631	22050142	341993401	
.	36	11	25	37	
.	36	7985839	22172378	341993401	
.	37	11	25	37	
.	37	8024689	22240407	341993401	
.	38	11	25	37	
.	38	8066578	22327381	341993401	
.	39	11	25	37	
.	39	8036474	22238325	341993401	
.	40	11	25	37	
.	40	8034238	22240352	341993401	
.	41	11	25	37	
.	41	8060176	22299932	341993401	
.	42	11	25	37	
.	42	8289191	22839878	341993401	
.	43	11	25	37	
.	43	8191289	22604104	341993401	
.	44	11	25	37	
.	44	8178803	22572091	341993401	
.	45	11	25	37	
.	45	8234725	22719862	341993401	
.	46	11	25	37	
.	46	8560596	23470777	341993401	
.	47	11	25	37	
.	47	8348712	22957534	341993401	
.	48	11	25	37	
.	48	8291882	22777897	341993401	
.	49	11	25	37	
.	49	8414919	23064102	341993401	
.	50	11	25	37	
.	50	8681813	23714269	341993401	
.	51	11	25	37	
.	51	8626403	23564774	341993401	
.	52	11	25	37	
.	52	8588865	23482411	341993401	
.	53	11	25	37	
.	53	8588945	23472256	341993401	
.	54	11	25	37	
.	54	8852732	24091810	341993401	
.	55	11	25	37	
.	55	8774714	23899360	341993401	
.	56	11	25	37	
.	56	8729102	23766057	341993401	
.	57	11	25	37	
.	57	8850046	24037721	341993401	
.	58	11	25	37	
.	58	8916881	24200511	341993401	
.	59	11	25	37	
.	59	8986229	24328296	341993401	
.	60	11	25	37	
.	60	8880033	24061722	341993401	
.	61	11	25	37	
.	61	9085413	24560495	341993401	
.	62	11	25	37	
.	62	9135010	24680296	341993401	
.	63	11	25	37	
.	63	9226110	24895471	341993401	
.	64	11	25	37	
.	64	9178174	24732148	341993401	
.	65	11	25	37	
.	65	9252277	24929841	341993401	
.	66	2	11	25	37	
.	66	62	9314691	25003528	341993401	
.	67	11	25	37	
.	67	9299934	24990267	341993401	
.	68	11	25	37	
.	68	9330020	25069876	341993401	
.	69	11	25	37	
.	69	9395701	25234112	341993401	
.	70	11	25	37	
.	70	9368606	25115770	341993401	
.	71	11	25	37	
.	71	9370752	25154859	341993401	
.	72	2	11	25	37	
.	72	62	9441111	25302010	341993401	
.	73	11	25	37	
.	73	9366943	25115661	341993401	
.	74	2	11	25	37	
.	74	63	9499807	25409341	341993401	
.	75	11	25	37	
.	75	9684782	25791327	341993401	
.	76	11	25	37	
.	76	9616195	25587280	341993401	
.	77	11	25	37	
.	77	9432293	25091497	341993401	
.	78	11	25	37	
.	78	9535183	25313157	341993401	
.	79	11	25	37	
.	79	9649501	25654587	341993401	
.	80	11	25	37	
.	80	9704002	25832849	341993401	
.	81	11	25	37	
.	81	9656562	25718067	341993401	
.	82	11	25	37	
.	82	9732697	25866400	341993401	
.	83	11	25	37	
.	83	9771316	25969242	341993401	
.	84	11	25	37	
.	84	10021009	26556100	341993401	
.	85	11	25	37	
.	85	9839491	26118094	341993401	
.	86	11	25	37	
.	86	9863281	26157716	341993401	
.	87	11	25	37	
.	87	9982707	26434084	341993401	
.	88	11	25	37	
.	88	10069702	26591873	341993401	
.	89	11	25	37	
.	89	9988747	26398217	341993401	
.	90	11	25	37	
.	90	10041815	26542330	341993401	
.	91	2	11	25	37	
.	91	299	10289823	27137296	341993401	
.	92	11	25	37	
.	92	10172036	26825674	341993401	
.	93	11	25	37	
.	93	10120826	26715379	341993401	
.	94	11	25	37	
.	94	10245420	27027091	341993401	
.	95	11	25	37	
.	95	10290504	27135258	341993401	
.	96	11	25	37	
.	96	10343953	27221558	341993401	
.	97	11	25	37	
.	97	10335176	27211589	341993401	
.	98	11	25	37	
.	98	10405964	27381747	341993401	
.	99	11	25	37	
.	99	10627860	27909254	341993401	
.	100	11	25	37	
.	100	10332277	27185928	341993401	
.	101	11	25	37	
.	101	10432877	27421533	341993401	
.	102	11	25	37	
.	102	10699408	28019381	341993401	
.	103	11	25	37	
.	103	10827581	28319780	341993401	
.	104	11	25	37	
.	104	10599853	27786844	341993401	
.	105	2	11	25	37	
.	105	3	10474136	27505472	341993401	
.	106	11	25	37	
.	106	10634284	27882455	341993401	
.	107	2	11	25	37	
.	107	34	10582149	27787434	341993401	
.	108	11	25	37	
.	108	10696093	28074690	341993401	
.	109	11	25	37	
.	109	11152468	29072033	341993401	
.	110	11	25	37	
.	110	10979639	28622768	341993401	
.	111	2	11	25	37	
.	111	5	10998305	28684873	341993401	
.	112	11	25	37	
.	112	10926480	28533231	341993401	
.	113	2	11	25	37	
.	113	2	11126271	29019261	341993401	
.	114	11	25	37	
.	114	11173373	29149074	341993401	
.	115	2	11	25	37	
.	115	57	11137532	29054144	341993401	
.	116	11	25	37	
.	116	11315329	29424812	341993401	
.	117	2	11	25	37	
.	117	18	11619766	30176389	341993401	
.	118	11	25	37	
.	118	11534329	29960992	341993401	
.	119	2	11	25	37	
.	119	5	11538356	29932756	341993401	
.	120	11	25	37	
.	120	11531355	29946284	341993401	
.	121	2	11	25	37	
.	121	118	11656394	30246831	341993401	
.	122	11	25	37	
.	122	11595215	30125462	341993401	
.	123	2	11	25	37	
.	123	223	11891967	30824090	341993401	
.	124	2	11	25	37	
.	124	12	11960670	31024836	341993401	
.	125	2	11	25	37	
.	125	45	12009647	31150708	341993401	
.	126	11	25	37	
.	126	12150687	31341926	341993401	
.	127	2	11	25	37	
.	127	151	12161731	31442730	341993401	
.	128	11	25	37	
.	128	12080939	31268100	341993401	
.	129	11	25	37	
.	129	11802861	30646527	341993401	
.	130	11	25	37	
.	130	11937895	30998467	341993401	
.	131	11	25	37	
.	131	12321171	31929216	341993401	
.	132	11	25	37	
.	132	13084869	33728446	341993401	
.	133	11	25	37	
.	133	12568691	32459091	341993401	
.	134	11	25	37	
.	134	12239345	31664226	341993401	
.	135	11	25	37	
.	135	12336187	31945087	341993401	
.	136	11	25	37	
.	136	12576593	32570790	341993401	
.	137	2	11	25	37	
.	137	3	13147198	33895552	341993401	
.	138	11	25	37	
.	138	13107361	33660799	341993401	
.	139	11	25	37	
.	139	12959013	33392041	341993401	
.	140	11	25	37	
.	140	13442765	34591697	341993401	
.	141	11	25	37	
.	141	13497552	34763835	341993401	
.	142	2	11	25	37	
.	142	323	13423370	34581756	341993401	
.	143	2	11	25	37	
.	143	24	13628171	35036570	341993401	
.	144	11	25	37	
.	144	14244262	36441037	341993401	
.	145	2	11	25	37	
.	145	46	17529825	45050752	341993401	
A	0	11	25	37	
A	0	1401190	4941786	107371475	
A	1	11	25	37	
A	1	1490074	5263740	101382071	
A	2	11	25	37	
A	2	1404302	4866286	95716333	
A	3	11	25	37	
A	3	1464389	5014897	92231831	
A	4	11	25	37	
A	4	1530743	5152489	93876822	
A	5	11	25	37	
A	5	1523611	5181070	94207596	
A	6	11	25	37	
A	6	1559190	5297215	92545047	
A	7	11	25	37	
A	7	1589472	5385595	91356221	
A	8	11	25	37	
A	8	1566440	5348527	93589310	
A	9	11	25	37	
A	9	1575796	5307374	93528051	
A	10	11	25	37	
A	10	1557808	5247908	93633601	
A	11	11	25	37	
A	11	1608781	5396716	94562929	
A	12	11	25	37	
A	12	1565881	5259850	93808764	
A	13	11	25	37	
A	13	1565981	5245256	94175674	
A	14	11	25	37	
A	14	1559395	5217313	94283806	
A	15	11	25	37	
A	15	1598480	5315854	93335699	
A	16	11	25	37	
A	16	1671217	5499036	93593040	
A	17	11	25	37	
A	17	1639718	5405247	93403948	
A	18	11	25	37	
A	18	1628839	5391041	94086377	
A	19	11	25	37	
A	19	1705352	5590815	94198737	
A	20	11	25	37	
A	20	1692598	5545101	93575607	
A	21	11	25	37	
A	21	1715811	5606916	93973052	
A	22	11	25	37	
A	22	1715804	5563252	93395164	
A	23	11	25	37	
A	23	1773651	5741492	94043815	
A	24	11	25	37	
A	24	1779409	5720656	92794214	
A	25	11	25	37	
A	25	1751004	5623963	92625004	
A	26	11	25	37	
A	26	1763324	5648058	92752589	
A	27	11	25	37	
A	27	1839418	5846488	92687162	
A	28	11	25	37	
A	28	1847030	5847009	92555796	
A	29	11	25	37	
A	29	1848050	5851844	92573216	
A	30	11	25	37	
A	30	1856739	5879983	92607140	
A	31	11	25	37	
A	31	1885346	5957988	92690602	
A	32	11	25	37	
A	32	1892320	5985287	92615495	
A	33	11	25	37	
A	33	1887582	5950434	92704811	
A	34	11	25	37	
A	34	1884980	5941925	93070453	
A	35	11	25	37	
A	35	1936615	6071503	93137916	
A	36	11	25	37	
A	36	1953310	6113593	93086598	
A	37	11	25	37	
A	37	1963734	6135191	93042684	
A	38	11	25	37	
A	38	1976348	6162049	93182914	
A	39	11	25	37	
A	39	1970209	6138186	93174698	
A	40	11	25	37	
A	40	1969843	6127966	93013324	
A	41	11	25	37	
A	41	1974518	6137835	92896488	
A	42	11	25	37	
A	42	2065351	6368963	93035850	
A	43	11	25	37	
A	43	2025056	6257394	92877213	
A	44	11	25	37	
A	44	2023408	6240093	92721893	
A	45	11	25	37	
A	45	2053138	6326432	92685968	
A	46	11	25	37	
A	46	2150407	6561039	92730138	
A	47	11	25	37	
A	47	2079133	6375767	92700746	
A	48	11	25	37	
A	48	2061129	6319627	92850813	
A	49	11	25	37	
A	49	2101094	6409235	92837289	
A	50	11	25	37	
A	50	2204782	6665069	92831308	
A	51	11	25	37	
A	51	2176289	6586526	92814159	
A	52	11	25	37	
A	52	2161266	6560796	92619130	
A	53	11	25	37	
A	53	2174104	6582498	92461876	
A	54	11	25	37	
A	54	2263986	6804528	92621014	
A	55	11	25	37	
A	55	2228424	6709560	92655114	
A	56	11	25	37	
A	56	2219206	6672817	92621266	
A	57	11	25	37	
A	57	2264438	6782736	92742100	
A	58	11	25	37	
A	58	2292673	6844281	92670580	
A	59	11	25	37	
A	59	2308091	6872766	92767286	
A	60	11	25	37	
A	60	2258910	6747764	92747895	
A	61	11	25	37	
A	61	2335240	6944775	92691274	
A	62	11	25	37	
A	62	2357786	6990710	92648631	
A	63	11	25	37	
A	63	2375062	7029077	92743003	
A	64	11	25	37	
A	64	2360004	6963273	92727234	
A	65	11	25	37	
A	65	2397360	7068526	92657067	
A	66	11	25	37	
A	66	2416687	7080117	92559888	
A	67	11	25	37	
A	67	2423592	7092472	92676487	
A	68	11	25	37	
A	68	2432093	7121418	92681179	
A	69	11	25	37	
A	69	2456682	7193590	92767281	
A	70	11	25	37	
A	70	2449153	7141780	92915896	
A	71	11	25	37	
A	71	2452370	7153782	92986219	
A	72	11	25	37	
A	72	2473233	7207659	92910213	
A	73	11	25	37	
A	73	2472557	7195528	92889266	
A	74	11	25	37	
A	74	2512911	7266825	92807132	
A	75	11	25	37	
A	75	2585382	7410227	92778943	
A	76	11	25	37	
A	76	2569794	7348169	92756237	
A	77	11	25	37	
A	77	2530976	7232094	92782276	
A	78	11	25	37	
A	78	2553377	7301246	92864124	
A	79	11	25	37	
A	79	2570639	7367064	92876502	
A	80	11	25	37	
A	80	2579648	7405186	92903160	
A	81	11	25	37	
A	81	2569481	7373360	92944251	
A	82	11	25	37	
A	82	2579606	7372961	92653903	
A	83	11	25	37	
A	83	2595463	7409509	92629242	
A	84	11	25	37	
A	84	2681394	7608227	92810055	
A	85	11	25	37	
A	85	2622124	7458177	92791192	
A	86	11	25	37	
A	86	2622341	7449870	92657399	
A	87	11	25	37	
A	87	2658195	7533875	92629506	
A	88	11	25	37	
A	88	2695931	7605756	92637461	
A	89	11	25	37	
A	89	2669495	7544586	92716806	
A	90	11	25	37	
A	90	2690088	7590446	92739734	
A	91	11	25	37	
A	91	2778493	7798363	92756822	
A	92	11	25	37	
A	92	2735260	7680717	92720767	
A	93	11	25	37	
A	93	2731542	7669182	92862958	
A	94	11	25	37	
A	94	2770390	7757979	92959384	
A	95	11	25	37	
A	95	2788277	7792348	92918668	
A	96	11	25	37	
A	96	2801028	7802965	92908109	
A	97	11	25	37	
A	97	2804663	7813029	92798119	
A	98	11	25	37	
A	98	2826716	7862607	92835269	
A	99	11	25	37	
A	99	2911236	8063212	92907729	
A	100	11	25	37	
A	100	2809021	7813397	92890016	
A	101	11	25	37	
A	101	2844870	7887877	92865683	
A	102	11	25	37	
A	102	2931615	8066744	92913204	
A	103	11	25	37	
A	103	2976917	8163899	92965949	
A	104	11	25	37	
A	104	2902043	8007678	93008271	
A	105	11	25	37	
A	105	2859941	7915434	93004545	
A	106	11	25	37	
A	106	2909302	8010740	92996340	
A	107	11	25	37	
A	107	2897363	7992080	92966317	
A	108	11	25	37	
A	108	2936931	8075492	93006467	
A	109	11	25	37	
A	109	3083562	8389704	92979731	
A	110	11	25	37	
A	110	3025079	8238672	92934983	
A	111	11	25	37	
A	111	3027267	8256619	92999750	
A	112	11	25	37	
A	112	3013430	8233353	93169673	
A	113	11	25	37	
A	113	3090037	8401308	93147679	
A	114	11	25	37	
A	114	3090181	8398212	93113241	
A	115	11	25	37	
A	115	3095123	8404817	93184661	
A	116	11	25	37	
A	116	3155227	8517785	93193506	
A	117	11	25	37	
A	117	3253080	8737900	93181657	
A	118	11	25	37	
A	118	3223066	8670753	93219492	
A	119	11	25	37	
A	119	3226913	8678865	93162404	
A	120	11	25	37	
A	120	3224268	8666348	93206975	
A	121	11	25	37	
A	121	3278272	8789713	93314296	
A	122	11	25	37	
A	122	3268764	8778253	93339782	
A	123	11	25	37	
A	123	3380960	9023266	93367185	
A	124	11	25	37	
A	124	3389602	9051060	93299625	
A	125	11	25	37	
A	125	3421725	9108272	93326569	
A	126	11	25	37	
A	126	3477631	9186571	93403890	
A	127	11	25	37	
A	127	3498356	9267415	93538705	
A	128	11	25	37	
A	128	3459049	9173668	93498440	
A	129	11	25	37	
A	129	3372300	9003454	93526235	
A	130	11	25	37	
A	130	3424634	9129721	93643513	
A	131	11	25	37	
A	131	3580246	9469850	93824903	
A	132	11	25	37	
A	132	3854476	10055025	93922941	
A	133	11	25	37	
A	133	3672081	9642853	94041751	
A	134	11	25	37	
A	134	3561980	9418693	94221884	
A	135	11	25	37	
A	135	3622595	9568037	94431066	
A	136	11	25	37	
A	136	3707106	9762500	94469447	
A	137	11	25	37	
A	137	3931561	10229291	94499878	
A	138	11	25	37	
A	138	3925528	10177015	94643115	
A	139	11	25	37	
A	139	3894674	10148371	94878193	
A	140	11	25	37	
A	140	4080630	10554288	95043900	
A	141	11	25	37	
A	141	4113629	10655683	95239551	
A	142	11	25	37	
A	142	4082149	10584769	95364302	
A	143	11	25	37	
A	143	4163096	10743507	95527256	
A	144	11	25	37	
A	144	4378964	11181375	95631749	
A	145	11	25	37	
A	145	5416233	13537400	95816800	
T	0	11	25	37	
T	0	1989534	5136190	77866572	
T	1	11	25	37	
T	1	2173338	5687524	85852428	
T	2	11	25	37	
T	2	2126353	5675694	88176085	
T	3	11	25	37	
T	3	2283552	6010609	87790302	
T	4	11	25	37	
T	4	2224932	5952498	89154957	
T	5	11	25	37	
T	5	2149184	5813659	89712444	
T	6	11	25	37	
T	6	2369159	6318650	91925408	
T	7	11	25	37	
T	7	2540553	6717075	93453482	
T	8	11	25	37	
T	8	2454445	6502267	91063425	
T	9	11	25	37	
T	9	2409131	6412589	91335430	
T	10	11	25	37	
T	10	2391622	6408000	92088619	
T	11	11	25	37	
T	11	2415259	6476451	92611654	
T	12	11	25	37	
T	12	2411639	6498236	93231476	
T	13	11	25	37	
T	13	2402460	6476185	92392502	
T	14	11	25	37	
T	14	2447695	6571670	93458739	
T	15	11	25	37	
T	15	2461725	6628838	94140754	
T	16	11	25	37	
T	16	2520198	6764233	92773877	
T	17	11	25	37	
T	17	2514650	6766001	93031659	
T	18	11	25	37	
T	18	2492490	6702564	92587576	
T	19	11	25	37	
T	19	2564108	6898040	92955581	
T	20	11	25	37	
T	20	2584215	6934208	93497096	
T	21	11	25	37	
T	21	2555003	6864588	93031800	
T	22	11	25	37	
T	22	2608223	6972704	93580465	
T	23	11	25	37	
T	23	2611044	6973543	91852230	
T	24	11	25	37	
T	24	2624471	6996692	91599294	
T	25	11	25	37	
T	25	2593569	6907894	91699421	
T	26	11	25	37	
T	26	2607421	6947626	91883797	
T	27	11	25	37	
T	27	2698132	7178525	92724565	
T	28	11	25	37	
T	28	2718253	7247923	93494877	
T	29	11	25	37	
T	29	2704003	7198133	92826100	
T	30	11	25	37	
T	30	2745309	7315275	93909747	
T	31	11	25	37	
T	31	2753779	7321435	93057435	
T	32	11	25	37	
T	32	2733870	7276612	92360248	
T	33	11	25	37	
T	33	2740413	7285578	92978128	
T	34	11	25	37	
T	34	2702224	7177867	92161128	
T	35	11	25	37	
T	35	2748595	7290167	92050031	
T	36	11	25	37	
T	36	2774803	7355996	92056713	
T	37	11	25	37	
T	37	2782105	7368534	92197206	
T	38	11	25	37	
T	38	2789430	7376569	92141468	
T	39	11	25	37	
T	39	2765509	7313892	91858292	
T	40	11	25	37	
T	40	2763472	7314588	91774947	
T	41	11	25	37	
T	41	2771740	7340152	91883892	
T	42	11	25	37	
T	42	2839565	7494878	91861765	
T	43	11	25	37	
T	43	2812934	7429629	91885215	
T	44	11	25	37	
T	44	2802325	7417107	91787814	
T	45	11	25	37	
T	45	2817159	7449202	91767652	
T	46	11	25	37	
T	46	2930815	7712387	91973572	
T	47	11	25	37	
T	47	2866754	7570680	91857215	
T	48	11	25	37	
T	48	2847769	7514372	91795307	
T	49	11	25	37	
T	49	2887937	7606306	91719950	
T	50	11	25	37	
T	50	2966741	7786070	91656395	
T	51	11	25	37	
T	51	2948583	7752617	91820875	
T	52	11	25	37	
T	52	2941790	7735843	92104198	
T	53	11	25	37	
T	53	2924660	7694799	92065227	
T	54	11	25	37	
T	54	3003412	7865079	91687332	
T	55	11	25	37	
T	55	2990956	7830731	91805116	
T	56	11	25	37	
T	56	2963636	7763097	91980093	
T	57	11	25	37	
T	57	2991732	7819963	91881856	
T	58	11	25	37	
T	58	3011459	7888087	91762509	
T	59	11	25	37	
T	59	3039349	7936164	91776644	
T	60	11	25	37	
T	60	3000323	7842729	91750311	
T	61	11	25	37	
T	61	3060368	7980502	91712148	
T	62	11	25	37	
T	62	3068516	8007719	91688228	
T	63	11	25	37	
T	63	3112970	8109554	91688694	
T	64	11	25	37	
T	64	3086908	8041838	91641723	
T	65	11	25	37	
T	65	3099664	8070970	91624545	
T	66	11	25	37	
T	66	3118768	8079873	91745787	
T	67	11	25	37	
T	67	3098853	8057169	91804992	
T	68	11	25	37	
T	68	3102535	8079008	91691873	
T	69	11	25	37	
T	69	3112905	8108704	91513932	
T	70	11	25	37	
T	70	3105091	8066172	91427855	
T	71	11	25	37	
T	71	3094812	8055924	91526264	
T	72	11	25	37	
T	72	3120825	8118785	91580645	
T	73	11	25	37	
T	73	3086382	8030336	91473559	
T	74	11	25	37	
T	74	3129609	8130227	91473876	
T	75	11	25	37	
T	75	3188322	8250153	91602661	
T	76	11	25	37	
T	76	3169101	8198506	91667945	
T	77	11	25	37	
T	77	3081650	7990751	91528479	
T	78	11	25	37	
T	78	3097947	8007522	91443320	
T	79	11	25	37	
T	79	3140310	8104062	91465225	
T	80	11	25	37	
T	80	3171369	8192318	91410129	
T	81	11	25	37	
T	81	3142985	8136102	91415382	
T	82	11	25	37	
T	82	3172491	8204528	91456078	
T	83	11	25	37	
T	83	3171736	8208173	91465767	
T	84	11	25	37	
T	84	3250059	8392212	91529031	
T	85	11	25	37	
T	85	3181547	8236959	91419857	
T	86	11	25	37	
T	86	3178553	8233935	91540288	
T	87	11	25	37	
T	87	3212587	8308031	91575682	
T	88	11	25	37	
T	88	3233139	8338607	91409569	
T	89	11	25	37	
T	89	3198513	8265284	91537730	
T	90	11	25	37	
T	90	3201634	8274140	91534208	
T	91	11	25	37	
T	91	3280458	8456418	91358700	
T	92	11	25	37	
T	92	3231035	8343256	91408672	
T	93	11	25	37	
T	93	3192200	8262177	91393836	
T	94	11	25	37	
T	94	3237546	8366094	91237355	
T	95	11	25	37	
T	95	3239192	8371356	91213086	
T	96	11	25	37	
T	96	3249344	8396010	91372821	
T	97	11	25	37	
T	97	3231280	8366300	91312478	
T	98	11	25	37	
T	98	3244947	8393649	91280422	
T	99	11	25	37	
T	99	3311944	8551261	91230281	
T	100	11	25	37	
T	100	3214117	8325945	91271714	
T	101	11	25	37	
T	101	3221339	8343010	91281824	
T	102	11	25	37	
T	102	3301205	8525602	91282213	
T	103	11	25	37	
T	103	3335014	8603347	91262705	
T	104	11	25	37	
T	104	3262394	8441065	91180212	
T	105	11	25	37	
T	105	3208499	8325179	91174204	
T	106	11	25	37	
T	106	3262967	8450978	91246420	
T	107	11	25	37	
T	107	3240760	8416137	91272632	
T	108	11	25	37	
T	108	3258144	8469547	91231127	
T	109	11	25	37	
T	109	3396341	8768910	91167242	
T	110	11	25	37	
T	110	3334914	8619852	91168361	
T	111	11	25	37	
T	111	3325890	8604482	91137084	
T	112	11	25	37	
T	112	3303444	8568964	91104791	
T	113	11	25	37	
T	113	3344367	8672311	91112248	
T	114	11	25	37	
T	114	3365386	8728208	91138813	
T	115	11	25	37	
T	115	3336200	8671397	91179774	
T	116	11	25	37	
T	116	3376415	8754027	91134397	
T	117	11	25	37	
T	117	3467655	8968659	91181398	
T	118	11	25	37	
T	118	3445668	8914828	91204895	
T	119	11	25	37	
T	119	3423191	8859067	91230055	
T	120	11	25	37	
T	120	3415345	8844734	91090696	
T	121	11	25	37	
T	121	3435197	8890996	91038458	
T	122	11	25	37	
T	122	3414839	8847052	90973801	
T	123	11	25	37	
T	123	3491680	9036157	91015058	
T	124	11	25	37	
T	124	3513798	9102811	90993532	
T	125	11	25	37	
T	125	3512663	9093692	91035323	
T	126	11	25	37	
T	126	3533753	9112774	90956297	
T	127	11	25	37	
T	127	3522354	9117186	90929495	
T	128	11	25	37	
T	128	3505738	9066564	90929186	
T	129	11	25	37	
T	129	3405262	8840901	90831628	
T	130	11	25	37	
T	130	3435557	8916970	90685449	
T	131	11	25	37	
T	131	3511426	9105182	90607972	
T	132	11	25	37	
T	132	3707056	9560925	90423067	
T	133	11	25	37	
T	133	3562655	9185809	90306281	
T	134	11	25	37	
T	134	3453298	8931744	90154921	
T	135	11	25	37	
T	135	3452141	8931643	90016309	
T	136	11	25	37	
T	136	3512360	9092486	90001740	
T	137	11	25	37	
T	137	3634704	9376741	89859439	
T	138	11	25	37	
T	138	3616456	9301083	89705224	
T	139	11	25	37	
T	139	3544383	9145780	89482575	
T	140	11	25	37	
T	140	3641212	9387524	89265862	
T	141	11	25	37	
T	141	3626061	9352149	88971131	
T	142	11	25	37	
T	142	3606276	9298513	88795562	
T	143	11	25	37	
T	143	3620850	9320373	88586509	
T	144	11	25	37	
T	144	3751538	9616990	88340777	
T	145	11	25	37	
T	145	4425765	11632371	88002860	
G	0	11	25	37	
G	0	1803923	4701943	85176964	
G	1	11	25	37	
G	1	1980028	5207434	83776803	
G	2	11	25	37	
G	2	1862793	4934524	85884053	
G	3	11	25	37	
G	3	1932047	5078355	85406047	
G	4	11	25	37	
G	4	1790629	4744814	81679122	
G	5	11	25	37	
G	5	1757237	4704361	81977523	
G	6	11	25	37	
G	6	1809717	4742747	81465147	
G	7	11	25	37	
G	7	1795230	4683785	79151109	
G	8	11	25	37	
G	8	1784122	4688495	79455710	
G	9	11	25	37	
G	9	1754049	4609603	80219135	
G	10	11	25	37	
G	10	1717971	4533577	79492971	
G	11	11	25	37	
G	11	1719617	4530203	78716978	
G	12	11	25	37	
G	12	1682586	4445083	78516701	
G	13	11	25	37	
G	13	1692204	4471945	78448025	
G	14	11	25	37	
G	14	1682211	4449006	78582726	
G	15	11	25	37	
G	15	1689744	4464607	78185712	
G	16	11	25	37	
G	16	1758519	4613944	78235205	
G	17	11	25	37	
G	17	1740495	4587741	78235770	
G	18	11	25	37	
G	18	1754093	4627633	78723001	
G	19	11	25	37	
G	19	1789121	4713324	78719496	
G	20	11	25	37	
G	20	1792958	4720361	78417670	
G	21	11	25	37	
G	21	1798338	4738649	78355030	
G	22	11	25	37	
G	22	1809490	4754190	78569277	
G	23	11	25	37	
G	23	1869395	4913549	79766109	
G	24	11	25	37	
G	24	1892432	4970108	81017221	
G	25	11	25	37	
G	25	1868010	4911064	80742825	
G	26	11	25	37	
G	26	1862947	4880231	79699716	
G	27	11	25	37	
G	27	1878843	4903970	78342043	
G	28	11	25	37	
G	28	1876843	4896638	78379785	
G	29	11	25	37	
G	29	1888290	4910863	78558740	
G	30	11	25	37	
G	30	1898131	4940035	78669388	
G	31	11	25	37	
G	31	1906249	4975361	78756405	
G	32	11	25	37	
G	32	1908261	4974859	78877452	
G	33	11	25	37	
G	33	1918294	4997387	79060269	
G	34	11	25	37	
G	34	1922328	5001747	79244334	
G	35	11	25	37	
G	35	1945028	5062042	79356175	
G	36	11	25	37	
G	36	1955282	5082580	79362019	
G	37	11	25	37	
G	37	1963016	5087194	79224336	
G	38	11	25	37	
G	38	1976627	5118677	79242797	
G	39	11	25	37	
G	39	1972348	5106542	79394292	
G	40	11	25	37	
G	40	1966849	5101863	79518128	
G	41	11	25	37	
G	41	1972603	5111883	79533980	
G	42	11	25	37	
G	42	2033075	5246999	79552878	
G	43	11	25	37	
G	43	1995544	5166871	79571203	
G	44	11	25	37	
G	44	1995490	5161860	79579219	
G	45	11	25	37	
G	45	2001693	5181234	79576943	
G	46	11	25	37	
G	46	2072776	5342251	79528139	
G	47	11	25	37	
G	47	2018561	5202902	79649448	
G	48	11	25	37	
G	48	2007489	5161192	79551944	
G	49	11	25	37	
G	49	2034630	5230114	79632264	
G	50	11	25	37	
G	50	2087934	5370244	79637922	
G	51	11	25	37	
G	51	2077095	5326374	79593761	
G	52	11	25	37	
G	52	2067323	5299180	79480471	
G	53	11	25	37	
G	53	2068240	5295023	79617971	
G	54	11	25	37	
G	54	2131910	5450610	79826072	
G	55	11	25	37	
G	55	2105681	5390396	79628848	
G	56	11	25	37	
G	56	2093853	5359570	79454191	
G	57	11	25	37	
G	57	2128124	5431630	79405912	
G	58	11	25	37	
G	58	2135193	5440952	79421864	
G	59	11	25	37	
G	59	2156825	5489088	79389944	
G	60	11	25	37	
G	60	2147864	5462400	79455019	
G	61	11	25	37	
G	61	2196777	5576962	79480352	
G	62	11	25	37	
G	62	2192899	5562883	79498248	
G	63	11	25	37	
G	63	2211284	5616889	79348044	
G	64	11	25	37	
G	64	2210810	5601884	79309056	
G	65	11	25	37	
G	65	2228069	5645561	79397674	
G	66	11	25	37	
G	66	2246283	5683584	79400810	
G	67	11	25	37	
G	67	2240165	5664062	79203662	
G	68	11	25	37	
G	68	2251164	5682579	79315318	
G	69	11	25	37	
G	69	2269519	5721200	79444019	
G	70	11	25	37	
G	70	2249662	5675574	79213466	
G	71	11	25	37	
G	71	2248831	5676524	79181359	
G	72	11	25	37	
G	72	2281595	5742686	79286835	
G	73	11	25	37	
G	73	2258697	5689710	79346846	
G	74	11	25	37	
G	74	2284187	5750541	79301659	
G	75	11	25	37	
G	75	2319177	5831620	79220448	
G	76	11	25	37	
G	76	2312037	5816893	79263403	
G	77	11	25	37	
G	77	2283258	5725537	79355289	
G	78	11	25	37	
G	78	2318551	5789350	79299353	
G	79	11	25	37	
G	79	2337744	5860071	79390337	
G	80	11	25	37	
G	80	2351417	5914354	79535761	
G	81	11	25	37	
G	81	2338637	5877568	79441500	
G	82	11	25	37	
G	82	2364550	5934354	79553136	
G	83	11	25	37	
G	83	2373255	5951240	79445572	
G	84	11	25	37	
G	84	2447763	6133115	79394508	
G	85	11	25	37	
G	85	2404047	6022470	79496367	
G	86	11	25	37	
G	86	2417190	6046632	79447049	
G	87	11	25	37	
G	87	2452360	6129079	79424915	
G	88	11	25	37	
G	88	2471966	6169504	79477954	
G	89	11	25	37	
G	89	2452162	6112461	79425308	
G	90	11	25	37	
G	90	2477771	6179462	79610498	
G	91	11	25	37	
G	91	2539302	6346173	79641141	
G	92	11	25	37	
G	92	2524404	6295265	79523296	
G	93	11	25	37	
G	93	2511075	6260589	79498941	
G	94	11	25	37	
G	94	2540491	6340915	79454114	
G	95	11	25	37	
G	95	2552504	6377710	79409941	
G	96	11	25	37	
G	96	2571195	6403106	79387281	
G	97	11	25	37	
G	97	2585585	6444041	79592731	
G	98	11	25	37	
G	98	2602852	6490487	79634166	
G	99	11	25	37	
G	99	2664217	6644483	79658140	
G	100	11	25	37	
G	100	2592420	6446728	79545639	
G	101	11	25	37	
G	101	2615002	6506572	79590854	
G	102	11	25	37	
G	102	2681693	6658759	79573080	
G	103	11	25	37	
G	103	2713163	6746156	79513554	
G	104	11	25	37	
G	104	2671585	6628846	79575966	
G	105	11	25	37	
G	105	2647648	6561104	79572940	
G	106	11	25	37	
G	106	2685032	6671599	79598419	
G	107	11	25	37	
G	107	2679129	6660459	79662384	
G	108	11	25	37	
G	108	2701065	6713540	79642411	
G	109	11	25	37	
G	109	2827949	7019289	79685034	
G	110	11	25	37	
G	110	2780086	6879901	79741152	
G	111	11	25	37	
G	111	2809243	6960689	79819984	
G	112	11	25	37	
G	112	2781259	6880158	79738397	
G	113	11	25	37	
G	113	2834940	7010002	79828267	
G	114	11	25	37	
G	114	2863398	7105879	79885591	
G	115	11	25	37	
G	115	2851832	7073593	79808264	
G	116	11	25	37	
G	116	2887219	7136489	79889700	
G	117	11	25	37	
G	117	2974729	7388122	79929292	
G	118	11	25	37	
G	118	2955520	7342149	79987876	
G	119	11	25	37	
G	119	2970335	7352787	79901786	
G	120	11	25	37	
G	120	2965357	7362708	79992245	
G	121	11	25	37	
G	121	3006000	7478164	79987407	
G	122	11	25	37	
G	122	2985332	7432910	79990637	
G	123	11	25	37	
G	123	3065362	7638390	79865762	
G	124	11	25	37	
G	124	3090615	7714436	79880990	
G	125	11	25	37	
G	125	3106982	7781601	79968936	
G	126	11	25	37	
G	126	3163201	7881661	79949685	
G	127	11	25	37	
G	127	3162388	7894416	79858674	
G	128	11	25	37	
G	128	3151899	7902076	80007319	
G	129	11	25	37	
G	129	3083663	7726713	80129684	
G	130	11	25	37	
G	130	3126673	7854758	80182718	
G	131	11	25	37	
G	131	3218739	8107790	80220843	
G	132	11	25	37	
G	132	3463057	8759840	80306950	
G	133	11	25	37	
G	133	3319877	8389407	80414702	
G	134	11	25	37	
G	134	3244884	8174310	80564668	
G	135	11	25	37	
G	135	3280916	8294405	80621583	
G	136	11	25	37	
G	136	3346846	8492286	80662895	
G	137	11	25	37	
G	137	3521001	8950922	80869351	
G	138	11	25	37	
G	138	3523623	8919461	81078392	
G	139	11	25	37	
G	139	3484202	8833842	81190674	
G	140	11	25	37	
G	140	3660392	9333046	81335062	
G	141	11	25	37	
G	141	3703338	9456186	81553580	
G	142	11	25	37	
G	142	3671186	9374494	81759737	
G	143	11	25	37	
G	143	3741867	9549614	82051837	
G	144	11	25	37	
G	144	3966535	10113103	82409255	
G	145	11	25	37	
G	145	5004013	12875368	82662359	
C	0	11	25	37	
C	0	997635	2729683	71578390	
C	1	11	25	37	
C	1	1059170	2927198	70982099	
C	2	11	25	37	
C	2	968014	2737773	72216930	
C	3	11	25	37	
C	3	1029408	2919963	76565221	
C	4	11	25	37	
C	4	1069943	3022268	77282500	
C	5	11	25	37	
C	5	1044032	2983145	76095838	
C	6	11	25	37	
C	6	1088227	3054893	76057799	
C	7	11	25	37	
C	7	1185441	3283995	78032589	
C	8	11	25	37	
C	8	1187421	3323335	77884956	
C	9	11	25	37	
C	9	1134327	3190464	76910785	
C	10	11	25	37	
C	10	1095811	3110004	76778210	
C	11	11	25	37	
C	11	1084494	3074869	76101840	
C	12	11	25	37	
C	12	1100594	3108804	76436460	
C	13	11	25	37	
C	13	1116040	3157557	76977200	
C	14	11	25	37	
C	14	1101757	3110243	75668130	
C	15	11	25	37	
C	15	1119880	3169385	76331236	
C	16	11	25	37	
C	16	1155599	3255466	77391279	
C	17	11	25	37	
C	17	1156962	3260485	77322024	
C	18	11	25	37	
C	18	1143480	3234856	76596447	
C	19	11	25	37	
C	19	1160697	3259405	76119587	
C	20	11	25	37	
C	20	1183129	3327275	76503028	
C	21	11	25	37	
C	21	1191128	3346896	76633519	
C	22	11	25	37	
C	22	1194884	3351415	76448495	
C	23	11	25	37	
C	23	1214944	3398981	76331243	
C	24	11	25	37	
C	24	1216788	3402190	76582672	
C	25	11	25	37	
C	25	1218006	3413059	76924873	
C	26	11	25	37	
C	26	1244047	3482403	77657299	
C	27	11	25	37	
C	27	1272519	3554226	78239135	
C	28	11	25	37	
C	28	1268502	3530393	77562943	
C	29	11	25	37	
C	29	1277387	3556022	78035345	
C	30	11	25	37	
C	30	1262767	3506275	76807126	
C	31	11	25	37	
C	31	1281698	3570703	77488959	
C	32	11	25	37	
C	32	1293081	3607253	78140206	
C	33	11	25	37	
C	33	1284987	3569467	77250193	
C	34	11	25	37	
C	34	1295847	3594573	77517486	
C	35	11	25	37	
C	35	1304393	3626430	77449279	
C	36	11	25	37	
C	36	1302444	3620209	77488071	
C	37	11	25	37	
C	37	1315834	3649488	77529175	
C	38	11	25	37	
C	38	1324173	3670086	77426222	
C	39	11	25	37	
C	39	1328408	3679705	77566119	
C	40	11	25	37	
C	40	1334074	3695935	77687002	
C	41	11	25	37	
C	41	1341315	3710062	77679041	
C	42	11	25	37	
C	42	1351200	3729038	77542908	
C	43	11	25	37	
C	43	1357755	3750210	77659770	
C	44	11	25	37	
C	44	1357580	3753031	77904475	
C	45	11	25	37	
C	45	1362735	3762994	77962838	
C	46	11	25	37	
C	46	1406598	3855100	77761552	
C	47	11	25	37	
C	47	1384264	3808185	77785992	
C	48	11	25	37	
C	48	1375495	3782706	77795337	
C	49	11	25	37	
C	49	1391258	3818447	77803898	
C	50	11	25	37	
C	50	1422356	3892886	77867776	
C	51	11	25	37	
C	51	1424436	3899257	77764606	
C	52	11	25	37	
C	52	1418486	3886592	77789602	
C	53	11	25	37	
C	53	1421941	3899936	77848327	
C	54	11	25	37	
C	54	1453424	3971593	77858983	
C	55	11	25	37	
C	55	1449653	3968673	77904323	
C	56	11	25	37	
C	56	1452407	3970573	77937851	
C	57	11	25	37	
C	57	1465752	4003392	77963533	
C	58	11	25	37	
C	58	1477556	4027191	78138448	
C	59	11	25	37	
C	59	1481964	4030278	78059527	
C	60	11	25	37	
C	60	1472936	4008829	78040176	
C	61	11	25	37	
C	61	1493028	4058256	78109627	
C	62	11	25	37	
C	62	1515809	4118984	78158294	
C	63	11	25	37	
C	63	1526794	4139951	78213660	
C	64	11	25	37	
C	64	1520452	4125153	78315388	
C	65	11	25	37	
C	65	1527184	4144784	78314115	
C	66	11	25	37	
C	66	1532891	4159892	78286854	
C	67	11	25	37	
C	67	1537324	4176564	78308260	
C	68	11	25	37	
C	68	1544228	4186871	78305031	
C	69	11	25	37	
C	69	1556595	4210618	78268169	
C	70	11	25	37	
C	70	1564700	4232244	78436184	
C	71	11	25	37	
C	71	1574739	4268629	78299559	
C	72	11	25	37	
C	72	1565396	4232818	78215646	
C	73	11	25	37	
C	73	1549307	4200087	78283730	
C	74	11	25	37	
C	74	1573037	4261685	78410671	
C	75	11	25	37	
C	75	1591901	4299327	78391349	
C	76	11	25	37	
C	76	1565263	4223712	78305816	
C	77	11	25	37	
C	77	1536409	4143115	78327357	
C	78	11	25	37	
C	78	1565308	4215039	78386604	
C	79	11	25	37	
C	79	1600808	4323390	78261337	
C	80	11	25	37	
C	80	1601568	4320991	78144351	
C	81	11	25	37	
C	81	1605459	4331037	78192268	
C	82	11	25	37	
C	82	1616050	4354557	78330284	
C	83	11	25	37	
C	83	1630862	4400320	78452820	
C	84	11	25	37	
C	84	1641793	4422546	78259807	
C	85	11	25	37	
C	85	1631773	4400488	78285985	
C	86	11	25	37	
C	86	1645197	4427279	78348665	
C	87	11	25	37	
C	87	1659565	4463099	78363298	
C	88	11	25	37	
C	88	1668666	4478006	78468417	
C	89	11	25	37	
C	89	1668577	4475886	78313557	
C	90	11	25	37	
C	90	1672322	4498282	78108961	
C	91	11	25	37	
C	91	1691271	4536043	78236439	
C	92	11	25	37	
C	92	1681337	4506436	78340666	
C	93	11	25	37	
C	93	1686009	4523431	78237666	
C	94	11	25	37	
C	94	1696993	4562103	78342548	
C	95	11	25	37	
C	95	1710531	4593844	78451706	
C	96	11	25	37	
C	96	1722386	4619477	78325190	
C	97	11	25	37	
C	97	1713648	4588219	78290073	
C	98	11	25	37	
C	98	1731449	4635004	78243544	
C	99	11	25	37	
C	99	1740463	4650298	78197251	
C	100	11	25	37	
C	100	1716719	4599858	78286032	
C	101	11	25	37	
C	101	1751666	4684074	78255040	
C	102	11	25	37	
C	102	1784895	4768276	78224904	
C	103	11	25	37	
C	103	1802487	4806378	78251193	
C	104	11	25	37	
C	104	1763831	4709255	78228952	
C	105	11	25	37	
C	105	1758045	4703752	78241709	
C	106	11	25	37	
C	106	1776983	4749138	78152222	
C	107	11	25	37	
C	107	1764863	4718724	78092034	
C	108	11	25	37	
C	108	1799953	4816111	78113396	
C	109	11	25	37	
C	109	1844616	4894130	78161394	
C	110	11	25	37	
C	110	1839560	4884343	78148905	
C	111	11	25	37	
C	111	1835900	4863078	78036578	
C	112	11	25	37	
C	112	1828347	4850756	77980540	
C	113	11	25	37	
C	113	1856925	4935638	77905205	
C	114	11	25	37	
C	114	1854408	4916775	77855756	
C	115	11	25	37	
C	115	1854320	4904280	77820645	
C	116	11	25	37	
C	116	1896468	5016511	77775798	
C	117	11	25	37	
C	117	1924284	5081690	77701036	
C	118	11	25	37	
C	118	1910075	5033262	77581138	
C	119	11	25	37	
C	119	1917912	5042032	77699151	
C	120	11	25	37	
C	120	1926385	5072494	77703485	
C	121	11	25	37	
C	121	1936807	5087840	77653122	
C	122	11	25	37	
C	122	1926280	5067247	77689181	
C	123	11	25	37	
C	123	1953742	5126054	77745173	
C	124	11	25	37	
C	124	1966643	5156517	77819242	
C	125	11	25	37	
C	125	1968232	5167098	77662528	
C	126	11	25	37	
C	126	1976102	5160920	77683529	
C	127	11	25	37	
C	127	1978482	5163562	77666376	
C	128	11	25	37	
C	128	1964253	5125792	77558456	
C	129	11	25	37	
C	129	1941636	5075459	77505854	
C	130	11	25	37	
C	130	1951031	5097018	77481721	
C	131	11	25	37	
C	131	2010760	5246394	77339683	
C	132	11	25	37	
C	132	2060280	5352656	77340443	
C	133	11	25	37	
C	133	2014078	5241022	77230667	
C	134	11	25	37	
C	134	1979183	5139479	77051928	
C	135	11	25	37	
C	135	1980535	5151002	76924443	
C	136	11	25	37	
C	136	2010281	5223518	76859319	
C	137	11	25	37	
C	137	2059929	5338595	76764730	
C	138	11	25	37	
C	138	2041754	5263240	76566670	
C	139	11	25	37	
C	139	2035754	5264048	76441959	
C	140	11	25	37	
C	140	2060531	5316839	76348577	
C	141	11	25	37	
C	141	2054524	5299817	76229139	
C	142	11	25	37	
C	142	2063436	5323657	76073477	
C	143	11	25	37	
C	143	2102334	5423052	75827775	
C	144	11	25	37	
C	144	2147225	5529569	75611620	
C	145	11	25	37	
C	145	2683768	7005567	75511336	
N	0	
N	0	
N	1	
N	1	
N	2	
N	2	
N	3	
N	3	
N	4	
N	4	
N	5	
N	5	
N	6	
N	6	
N	7	
N	7	
N	8	
N	8	
N	9	
N	9	
N	10	
N	10	
N	11	
N	11	
N	12	
N	12	
N	13	
N	13	
N	14	
N	14	
N	15	
N	15	
N	16	
N	16	
N	17	
N	17	
N	18	
N	18	
N	19	
N	19	
N	20	
N	20	
N	21	
N	21	
N	22	
N	22	
N	23	2	
N	23	4	
N	24	
N	24	
N	25	2	
N	25	1278	
N	26	
N	26	
N	27	2	
N	27	496	
N	28	
N	28	
N	29	
N	29	
N	30	
N	30	
N	31	
N	31	
N	32	
N	32	
N	33	
N	33	
N	34	
N	34	
N	35	
N	35	
N	36	
N	36	
N	37	
N	37	
N	38	
N	38	
N	39	
N	39	
N	40	
N	40	
N	41	
N	41	
N	42	
N	42	
N	43	
N	43	
N	44	
N	44	
N	45	
N	45	
N	46	
N	46	
N	47	
N	47	
N	48	
N	48	
N	49	
N	49	
N	50	
N	50	
N	51	
N	51	
N	52	
N	52	
N	53	
N	53	
N	54	
N	54	
N	55	
N	55	
N	56	
N	56	
N	57	
N	57	
N	58	
N	58	
N	59	
N	59	
N	60	
N	60	
N	61	
N	61	
N	62	
N	62	
N	63	
N	63	
N	64	
N	64	
N	65	
N	65	
N	66	2	
N	66	62	
N	67	
N	67	
N	68	
N	68	
N	69	
N	69	
N	70	
N	70	
N	71	
N	71	
N	72	2	
N	72	62	
N	73	
N	73	
N	74	2	
N	74	63	
N	75	
N	75	
N	76	
N	76	
N	77	
N	77	
N	78	
N	78	
N	79	
N	79	
N	80	
N	80	
N	81	
N	81	
N	82	
N	82	
N	83	
N	83	
N	84	
N	84	
N	85	
N	85	
N	86	
N	86	
N	87	
N	87	
N	88	
N	88	
N	89	
N	89	
N	90	
N	90	
N	91	2	
N	91	299	
N	92	
N	92	
N	93	
N	93	
N	94	
N	94	
N	95	
N	95	
N	96	
N	96	
N	97	
N	97	
N	98	
N	98	
N	99	
N	99	
N	100	
N	100	
N	101	
N	101	
N	102	
N	102	
N	103	
N	103	
N	104	
N	104	
N	105	2	
N	105	3	
N	106	
N	106	
N	107	2	
N	107	34	
N	108	
N	108	
N	109	
N	109	
N	110	
N	110	
N	111	2	
N	111	5	
N	112	
N	112	
N	113	2	
N	113	2	
N	114	
N	114	
N	115	2	
N	115	57	
N	116	
N	116	
N	117	2	
N	117	18	
N	118	
N	118	
N	119	2	
N	119	5	
N	120	
N	120	
N	121	2	
N	121	118	
N	122	
N	122	
N	123	2	
N	123	223	
N	124	2	
N	124	12	
N	125	2	
N	125	45	
N	126	
N	126	
N	127	2	
N	127	151	
N	128	
N	128	
N	129	
N	129	
N	130	
N	130	
N	131	
N	131	
N	132	
N	132	
N	133	
N	133	
N	134	
N	134	
N	135	
N	135	
N	136	
N	136	
N	137	2	
N	137	3	
N	138	
N	138	
N	139	
N	139	
N	140	
N	140	
N	141	
N	141	
N	142	2	
N	142	323	
N	143	2	
N	143	24	
N	144	
N	144	
N	145	2	
N	145	46	
